EQTOOLS    04/08/2025   1051202011 1000ms          3 33 33
 0.700000048E+00 0.139999998E+01 0.000000000E+00 0.400000006E+00 0.000000000E+00
 0.697609603E+00-0.720082130E-02-0.971705392E-01-0.885968504E-03 0.000000000E+00
-0.841467750E+06-0.971705392E-01 0.000000000E+00 0.697609603E+00 0.000000000E+00
-0.720082130E-02 0.000000000E+00-0.885968504E-03 0.000000000E+00 0.000000000E+00
-0.378167772E+01-0.377648258E+01-0.377162218E+01-0.376708508E+01-0.376286030E+01
-0.375893617E+01-0.375530100E+01-0.375194287E+01-0.374885035E+01-0.374601126E+01
-0.374341369E+01-0.374104548E+01-0.373889422E+01-0.373694801E+01-0.373519421E+01
-0.373362064E+01-0.373221493E+01-0.373096442E+01-0.372985673E+01-0.372887921E+01
-0.372801971E+01-0.372726512E+01-0.372660303E+01-0.372602105E+01-0.372550631E+01
-0.372504616E+01-0.372462797E+01-0.372423911E+01-0.372386694E+01-0.372349882E+01
-0.372312188E+01-0.372272372E+01-0.372229147E+01
 0.343721312E+06 0.322786969E+06 0.302510250E+06 0.282891156E+06 0.263929656E+06
 0.245625797E+06 0.227979547E+06 0.210990906E+06 0.194659875E+06 0.178986469E+06
 0.163970672E+06 0.149612500E+06 0.135911938E+06 0.122868992E+06 0.110483656E+06
 0.987559453E+05 0.876858438E+05 0.772733594E+05 0.675184922E+05 0.584212422E+05
 0.499816055E+05 0.421995859E+05 0.350751797E+05 0.286083926E+05 0.227992188E+05
 0.176476621E+05 0.131537197E+05 0.931739355E+04 0.613868359E+04 0.361758911E+04
 0.175411035E+04 0.548247314E+03 0.000000000E+00
-0.674321175E+01-0.630682611E+01-0.588612747E+01-0.548111629E+01-0.509179258E+01
-0.471815586E+01-0.436020660E+01-0.401794481E+01-0.369137001E+01-0.338048267E+01
-0.308528256E+01-0.280576968E+01-0.254194403E+01-0.229380560E+01-0.206135440E+01
-0.184459066E+01-0.164351416E+01-0.145812488E+01-0.128842282E+01-0.113440812E+01
-0.996080697E+00-0.873440504E+00-0.766487598E+00-0.675221980E+00-0.599643588E+00
-0.539752483E+00-0.495548695E+00-0.467032135E+00-0.454202890E+00-0.457060874E+00
-0.475606143E+00-0.509838700E+00-0.559758544E+00
-0.706676650E+07-0.684820900E+07-0.662965150E+07-0.641109450E+07-0.619253700E+07
-0.597397950E+07-0.575542200E+07-0.553686500E+07-0.531830750E+07-0.509975000E+07
-0.488119250E+07-0.466263550E+07-0.444407800E+07-0.422552050E+07-0.400696325E+07
-0.378840575E+07-0.356984850E+07-0.335129100E+07-0.313273375E+07-0.291417625E+07
-0.269561875E+07-0.247706150E+07-0.225850400E+07-0.203994675E+07-0.182138938E+07
-0.160283200E+07-0.138427462E+07-0.116571725E+07-0.947159812E+06-0.728602438E+06
-0.510045062E+06-0.291487688E+06-0.729303047E+05
-0.153451879E-01-0.176924113E-01-0.197115056E-01-0.210613590E-01-0.214601960E-01
-0.207834970E-01-0.191040430E-01-0.166413728E-01-0.136354463E-01-0.102721667E-01
-0.668646535E-02-0.297370388E-02 0.805122079E-03 0.461323885E-02 0.842837896E-02
 0.122377900E-01 0.160387558E-01 0.198460482E-01 0.237092990E-01 0.277391747E-01
 0.321292542E-01 0.371284674E-01 0.429352091E-01 0.495828912E-01 0.568916425E-01
 0.645138472E-01 0.720610417E-01 0.792205817E-01 0.857915282E-01 0.916712731E-01
 0.968347639E-01 0.101318955E+00 0.105191961E+00-0.170020275E-01-0.212150067E-01
-0.255026799E-01-0.285003539E-01-0.294312034E-01-0.280138347E-01-0.244738180E-01
-0.201585330E-01-0.157718956E-01-0.114067234E-01-0.710958010E-02-0.290065766E-02
 0.123743748E-02 0.531268958E-02 0.931823533E-02 0.132310186E-01 0.170112878E-01
 0.206043925E-01 0.239550620E-01 0.270656925E-01 0.302312784E-01 0.345065116E-01
 0.408700611E-01 0.495268777E-01 0.600960776E-01 0.712210685E-01 0.816617263E-01
 0.909700157E-01 0.989926979E-01 0.105708964E+00 0.111190550E+00 0.115610436E+00
 0.119216017E+00-0.169619601E-01-0.235712044E-01-0.319225900E-01-0.371873118E-01
-0.390045047E-01-0.367367379E-01-0.293864124E-01-0.224337261E-01-0.166181568E-01
-0.114116818E-01-0.658026198E-02-0.199720185E-02 0.243966235E-02 0.678334665E-02
 0.110450415E-01 0.151950996E-01 0.191546090E-01 0.227746926E-01 0.257962141E-01
 0.277785715E-01 0.281972215E-01 0.304105445E-01 0.371430864E-01 0.489076898E-01
 0.657529384E-01 0.827188715E-01 0.970186312E-01 0.108823114E+00 0.118207306E+00
 0.125300273E+00 0.130378008E+00 0.133882120E+00 0.136290714E+00-0.120974379E-01
-0.187856387E-01-0.281955600E-01-0.327087790E-01-0.351264253E-01-0.350134298E-01
-0.258971173E-01-0.194699317E-01-0.140583087E-01-0.915371440E-02-0.451057591E-02
 0.188142466E-04 0.452735880E-02 0.907003134E-02 0.136691090E-01 0.183128025E-01
 0.229471368E-01 0.274571683E-01 0.316324905E-01 0.350918472E-01 0.372110046E-01
 0.413867032E-01 0.500087016E-01 0.647859499E-01 0.853661373E-01 0.105766922E+00
 0.123295703E+00 0.137436580E+00 0.147581756E+00 0.153675362E+00 0.156399146E+00
 0.156943679E+00 0.156453103E+00-0.313355471E-02-0.817279145E-02-0.128115602E-01
-0.162822250E-01-0.179586019E-01-0.176512562E-01-0.155315921E-01-0.124568725E-01
-0.899887085E-02-0.531229284E-02-0.142866047E-02 0.267171059E-02 0.702356081E-02
 0.116637414E-01 0.166264512E-01 0.219422262E-01 0.276389278E-01 0.337467305E-01
 0.403163955E-01 0.474819280E-01 0.557962097E-01 0.661544554E-01 0.795630028E-01
 0.965237916E-01 0.117040999E+00 0.140335843E+00 0.164635775E+00 0.184248047E+00
 0.195229799E+00 0.196896479E+00 0.190928131E+00 0.183687359E+00 0.177690774E+00
 0.551200751E-02 0.135404093E-02-0.217501679E-02-0.491675502E-02-0.669188565E-02
-0.741617568E-02-0.713060331E-02-0.597531907E-02-0.410741521E-02-0.163857767E-02
 0.136982871E-02 0.489821463E-02 0.895647611E-02 0.135755613E-01 0.188045185E-01
 0.247124787E-01 0.313960306E-01 0.389910601E-01 0.476920083E-01 0.577612035E-01
 0.696434975E-01 0.834538308E-01 0.995440008E-01 0.118626036E+00 0.141608655E+00
 0.169361547E+00 0.201422787E+00 0.226791047E+00 0.238550842E+00 0.235567272E+00
 0.219812259E+00 0.204841793E+00 0.193691179E+00 0.118899560E-01 0.805628393E-02
 0.474781077E-02 0.203856896E-02-0.316184123E-04-0.140733609E-02-0.205705292E-02
-0.197716965E-02-0.117291487E-02 0.362507737E-03 0.260680309E-02 0.556262005E-02
 0.925130118E-02 0.137101617E-01 0.189974234E-01 0.251968130E-01 0.324263398E-01
 0.408523604E-01 0.507160909E-01 0.623817109E-01 0.766211823E-01 0.924057821E-01
 0.108713372E+00 0.126911357E+00 0.149632543E+00 0.177509561E+00 0.210687209E+00
 0.236469112E+00 0.248141944E+00 0.244477347E+00 0.226165578E+00 0.209892794E+00
 0.197943509E+00 0.161903873E-01 0.123483445E-01 0.893528573E-02 0.597185222E-02
 0.346737867E-02 0.147032202E-02 0.350967348E-04-0.788588426E-03-0.949087902E-03
-0.153533780E-03 0.140516460E-02 0.378774573E-02 0.704186317E-02 0.111969179E-01
 0.163063444E-01 0.224398281E-01 0.296880929E-01 0.381667055E-01 0.480207317E-01
 0.594019741E-01 0.725701451E-01 0.870659687E-01 0.102671892E+00 0.119988881E+00
 0.140039220E+00 0.163705736E+00 0.192977413E+00 0.215031549E+00 0.226200491E+00
 0.225495666E+00 0.209337473E+00 0.197650135E+00 0.189274520E+00 0.186963417E-01
 0.146824205E-01 0.109772282E-01 0.759003451E-02 0.450778799E-02 0.178513897E-02
-0.515081745E-03-0.232922309E-02-0.335923163E-02-0.353109627E-02-0.279109157E-02
-0.106313223E-02 0.174587546E-02 0.548973121E-02 0.102515081E-01 0.160707291E-01
 0.229943675E-01 0.310654063E-01 0.403158553E-01 0.507579707E-01 0.623663738E-01
 0.750762609E-01 0.888258948E-01 0.103570893E+00 0.119170092E+00 0.135130614E+00
 0.150288856E+00 0.162961260E+00 0.171528578E+00 0.175540805E+00 0.175839141E+00
 0.174217477E+00 0.172186509E+00 0.198409967E-01 0.155314608E-01 0.113811856E-01
 0.739990268E-02 0.357689918E-02-0.314268436E-04-0.335477735E-02-0.607995130E-02
-0.809771847E-02-0.929247495E-02-0.955012906E-02-0.876349484E-02-0.684276456E-02
-0.373135484E-02 0.635328935E-03 0.605823798E-02 0.125838549E-01 0.202060640E-01
 0.288706664E-01 0.385133475E-01 0.490460284E-01 0.603538658E-01 0.722875412E-01
 0.846437737E-01 0.971280709E-01 0.109320268E+00 0.120686770E+00 0.130667349E+00
 0.138817564E+00 0.144979209E+00 0.149330750E+00 0.152180433E+00 0.153968275E+00
 0.200959202E-01 0.153631037E-01 0.106310593E-01 0.587086659E-02 0.111038203E-02
-0.359217683E-02-0.792922918E-02-0.117813097E-01-0.150045464E-01-0.174385328E-01
-0.189176090E-01-0.192848376E-01-0.184076093E-01-0.161932185E-01-0.125999330E-01
-0.765305059E-02-0.140157860E-02 0.607605465E-02 0.144872367E-01 0.237480924E-01
 0.337149315E-01 0.442322312E-01 0.551253965E-01 0.661930591E-01 0.772021785E-01
 0.878925174E-01 0.979942638E-01 0.107262610E+00 0.115522690E+00 0.122707792E+00
 0.128870100E+00 0.133855134E+00 0.137700394E+00 0.199781191E-01 0.146846259E-01
 0.919016823E-02 0.346524408E-02-0.244812388E-02-0.824892148E-02-0.138326678E-01
-0.190572385E-01-0.237427987E-01-0.276787840E-01-0.306379143E-01-0.323956579E-01
-0.327532850E-01-0.315615982E-01-0.287407339E-01-0.242918190E-01-0.182957479E-01
-0.109077422E-01-0.234742113E-02 0.715681491E-02 0.172103848E-01 0.276463992E-01
 0.382983840E-01 0.489937924E-01 0.595583282E-01 0.698228478E-01 0.796317496E-01
 0.888560172E-01 0.974072516E-01 0.105247416E+00 0.112397775E+00 0.118614852E+00
 0.123749308E+00 0.203692839E-01 0.140190125E-01 0.749994721E-02 0.690024521E-03
-0.639876537E-02-0.134910801E-01-0.205078162E-01-0.273016021E-01-0.336620808E-01
-0.393258557E-01-0.439940169E-01-0.473578054E-01-0.491314456E-01-0.490872078E-01
-0.470873155E-01-0.431049988E-01-0.372305995E-01-0.296615884E-01-0.206773523E-01
-0.106031736E-01 0.224338641E-03 0.112484904E-01 0.223412249E-01 0.333410837E-01
 0.441124327E-01 0.545406155E-01 0.645306962E-01 0.740094977E-01 0.829295367E-01
 0.912740007E-01 0.990676805E-01 0.106064767E+00 0.112132303E+00 0.204660222E-01
 0.131715331E-01 0.565420790E-02-0.227481523E-02-0.104210647E-01-0.187625773E-01
-0.272113178E-01-0.356023721E-01-0.436905362E-01-0.511559732E-01-0.576217659E-01
-0.626846884E-01-0.659575015E-01-0.671177432E-01-0.659543574E-01-0.624012090E-01
-0.565502534E-01-0.486409515E-01-0.390279256E-01-0.281364862E-01-0.164163765E-01
-0.430536754E-02 0.785039256E-02 0.196616035E-01 0.310559683E-01 0.419791564E-01
 0.523893222E-01 0.622553452E-01 0.715562925E-01 0.802789479E-01 0.884057060E-01
 0.959124118E-01 0.102819189E+00 0.199951604E-01 0.121679930E-01 0.397907849E-02
-0.475405529E-02-0.138276974E-01-0.232479647E-01-0.329374932E-01-0.427252501E-01
-0.523403138E-01-0.614150353E-01-0.695023909E-01-0.761105933E-01-0.807542056E-01
-0.830162838E-01-0.826095715E-01-0.794238225E-01-0.735463546E-01-0.652510524E-01
-0.549584329E-01-0.431774966E-01-0.304432642E-01-0.172619529E-01-0.407010157E-02
 0.877919141E-02 0.209500007E-01 0.324701555E-01 0.433575707E-01 0.536247258E-01
 0.632814541E-01 0.723363757E-01 0.807982534E-01 0.887014419E-01 0.960813761E-01
 0.195069518E-01 0.113793826E-01 0.280573056E-02-0.640376145E-02-0.160554871E-01
-0.261647515E-01-0.366594940E-01-0.473654568E-01-0.579963736E-01-0.681541413E-01
-0.773449466E-01-0.850158747E-01-0.906121731E-01-0.936478078E-01-0.937784612E-01
-0.908585638E-01-0.849679460E-01-0.764015615E-01-0.656235516E-01-0.532000773E-01
-0.397259444E-01-0.257610428E-01-0.117846770E-01 0.182769762E-02 0.145746414E-01
 0.265364964E-01 0.377722570E-01 0.483259913E-01 0.582319796E-01 0.675184876E-01
 0.762106776E-01 0.843542814E-01 0.919895470E-01 0.192590207E-01 0.110493274E-01
 0.240590866E-02-0.689251255E-02-0.166643001E-01-0.269265268E-01-0.376088358E-01
-0.485375002E-01-0.594239309E-01-0.698639303E-01-0.793531612E-01-0.873237061E-01
-0.932023600E-01-0.964838192E-01-0.968061760E-01-0.940109342E-01-0.881721576E-01
-0.795863047E-01-0.687259436E-01-0.561699755E-01-0.425278172E-01-0.283730883E-01
-0.141965805E-01-0.380916230E-03 0.125145307E-01 0.245867912E-01 0.359077155E-01
 0.465314443E-01 0.565002374E-01 0.658489093E-01 0.746081173E-01 0.828224272E-01
 0.905275494E-01 0.192225333E-01 0.112494314E-01 0.288087898E-02-0.610793801E-02
-0.155159980E-01-0.253563300E-01-0.355582312E-01-0.459527522E-01-0.562632382E-01
-0.661057681E-01-0.750048682E-01-0.824287208E-01-0.878434777E-01-0.907809064E-01
-0.909075290E-01-0.880793780E-01-0.823679685E-01-0.740513504E-01-0.635714158E-01
-0.514703579E-01-0.383209698E-01-0.246656185E-01-0.109721616E-01 0.238969945E-02
 0.149338758E-01 0.267304908E-01 0.378313256E-01 0.482754692E-01 0.580941550E-01
 0.673140958E-01 0.759599581E-01 0.840682015E-01 0.916719511E-01 0.194571093E-01
 0.119177466E-01 0.410037395E-02-0.421963446E-02-0.128356433E-01-0.217555817E-01
-0.309080221E-01-0.401336178E-01-0.491799116E-01-0.577049479E-01-0.652934760E-01
-0.714890886E-01-0.758406147E-01-0.779588073E-01-0.775723457E-01-0.745711848E-01
-0.690266003E-01-0.611829162E-01-0.514223762E-01-0.402132645E-01-0.280528069E-01
-0.154169409E-01-0.272207768E-02 0.968995038E-02 0.215010159E-01 0.327233523E-01
 0.433637181E-01 0.534267010E-01 0.629172400E-01 0.718419254E-01 0.802102163E-01
 0.880480856E-01 0.953835323E-01 0.195718892E-01 0.127130188E-01 0.573304668E-02
-0.160351791E-02-0.910773873E-02-0.167673975E-01-0.245057456E-01-0.321748964E-01
-0.395540856E-01-0.463553928E-01-0.522395298E-01-0.568430394E-01-0.598153733E-01
-0.608615987E-01-0.597834587E-01-0.565099455E-01-0.511106427E-01-0.437884815E-01
-0.348533429E-01-0.246837977E-01-0.136834197E-01-0.225110122E-02 0.928625232E-02
 0.205717292E-01 0.315197557E-01 0.420639515E-01 0.521520182E-01 0.617438412E-01
 0.708117262E-01 0.793392286E-01 0.873157755E-01 0.947375223E-01 0.101624884E+00
 0.189704634E-01 0.132233324E-01 0.743594114E-02 0.141694967E-02-0.484686345E-02
-0.111172488E-01-0.173184946E-01-0.233190339E-01-0.289339293E-01-0.339319445E-01
-0.380500816E-01-0.410153058E-01-0.425720327E-01-0.425118916E-01-0.407008752E-01
-0.370990336E-01-0.317686442E-01-0.248689577E-01-0.166365039E-01-0.736652454E-02
 0.266237534E-02 0.129737077E-01 0.234354393E-01 0.338847004E-01 0.441797152E-01
 0.541971140E-01 0.638320190E-01 0.730005409E-01 0.816437975E-01 0.897311196E-01
 0.972649530E-01 0.104145572E+00 0.110332638E+00 0.176328775E-01 0.133369500E-01
 0.891883485E-02 0.428357208E-02-0.518556277E-03-0.543704769E-02-0.101715792E-01
-0.146055855E-01-0.185893234E-01-0.219417065E-01-0.244650114E-01-0.259614823E-01
-0.262523703E-01-0.251972564E-01-0.227069687E-01-0.187557880E-01-0.133883773E-01
-0.672316318E-02 0.110371888E-02 0.968998205E-02 0.189271942E-01 0.286430596E-01
 0.386672079E-01 0.488215312E-01 0.589231737E-01 0.687919632E-01 0.782603370E-01
 0.871867973E-01 0.954700932E-01 0.103058264E+00 0.109953947E+00 0.116072111E+00
 0.121386617E+00 0.167173352E-01 0.136219487E-01 0.103462553E-01 0.691197254E-02
 0.339213177E-02-0.140055810E-03-0.360997929E-02-0.670381775E-02-0.932115968E-02
-0.113105169E-01-0.125227496E-01-0.128155040E-01-0.120667722E-01-0.101978872E-01
-0.714137685E-02-0.285681477E-02 0.266868905E-02 0.919090305E-02 0.166887101E-01
 0.250717048E-01 0.342372544E-01 0.440541417E-01 0.543570158E-01 0.649399608E-01
 0.755543187E-01 0.859199390E-01 0.957498367E-01 0.104787088E+00 0.112846352E+00
 0.119847424E+00 0.125826135E+00 0.130784243E+00 0.134835318E+00 0.166053828E-01
 0.142052816E-01 0.117234876E-01 0.920165144E-02 0.670216465E-02 0.429594843E-02
 0.206563668E-02 0.111406538E-03-0.149833341E-02-0.245081703E-02-0.266044028E-02
-0.201848552E-02-0.398441713E-03 0.206992426E-02 0.549142435E-02 0.993298460E-02
 0.154289225E-01 0.219763815E-01 0.295765586E-01 0.382189713E-01 0.478735082E-01
 0.584733148E-01 0.698898487E-01 0.819020346E-01 0.941624865E-01 0.106181517E+00
 0.117385873E+00 0.127239963E+00 0.135311469E+00 0.141430378E+00 0.145764381E+00
 0.148694426E+00 0.150686026E+00 0.165646784E-01 0.146499407E-01 0.127607742E-01
 0.109247463E-01 0.919285044E-02 0.762466062E-02 0.628898991E-02 0.526473904E-02
 0.464090565E-02 0.452880142E-02 0.502221892E-02 0.620528166E-02 0.815041550E-02
 0.109055955E-01 0.145343635E-01 0.191040356E-01 0.246825834E-01 0.313408785E-01
 0.391614847E-01 0.482418276E-01 0.586883388E-01 0.705973608E-01 0.840045126E-01
 0.987994075E-01 0.114613838E+00 0.130713925E+00 0.145697525E+00 0.158410952E+00
 0.167102441E+00 0.171268567E+00 0.171740055E+00 0.170332015E+00 0.168516770E+00
 0.162092261E-01 0.146638732E-01 0.132197579E-01 0.118956389E-01 0.107312286E-01
 0.977273379E-02 0.907213055E-02 0.868691783E-02 0.867994316E-02 0.911860634E-02
 0.100706667E-01 0.116025122E-01 0.137795489E-01 0.166671053E-01 0.203364883E-01
 0.248679835E-01 0.303542525E-01 0.369048528E-01 0.446573421E-01 0.538190044E-01
 0.645629093E-01 0.772807813E-01 0.927167224E-01 0.111026682E+00 0.132124826E+00
 0.156675071E+00 0.186744449E+00 0.209444000E+00 0.221110463E+00 0.220761433E+00
 0.204782158E+00 0.193319336E+00 0.185196400E+00 0.152750388E-01 0.140300682E-01
 0.129308114E-01 0.119949803E-01 0.112555968E-01 0.107472548E-01 0.105059752E-01
 0.105687762E-01 0.109744491E-01 0.117647080E-01 0.129851345E-01 0.146847267E-01
 0.169168282E-01 0.197401773E-01 0.232225917E-01 0.274454039E-01 0.325092187E-01
 0.385377817E-01 0.456751883E-01 0.540505983E-01 0.635981187E-01 0.758995691E-01
 0.927973162E-01 0.114136815E+00 0.138890147E+00 0.168284416E+00 0.202758283E+00
 0.229598184E+00 0.242074639E+00 0.238974392E+00 0.221010044E+00 0.205063015E+00
 0.193448469E+00 0.136293843E-01 0.126187364E-01 0.117846159E-01 0.111501943E-01
 0.107418215E-01 0.105867758E-01 0.107093165E-01 0.111223124E-01 0.118308496E-01
 0.128485542E-01 0.142010534E-01 0.159201961E-01 0.180415846E-01 0.206048414E-01
 0.236567073E-01 0.272570476E-01 0.314901756E-01 0.364832096E-01 0.424413905E-01
 0.497088954E-01 0.588058569E-01 0.706457202E-01 0.860892059E-01 0.105650254E+00
 0.129674241E+00 0.158694819E+00 0.192097547E+00 0.218690847E+00 0.231453747E+00
 0.229230046E+00 0.214014679E+00 0.199520484E+00 0.188823000E+00 0.113538178E-01
 0.105613917E-01 0.993227027E-02 0.948065426E-02 0.931241643E-02 0.937688164E-02
 0.983172562E-02 0.106210141E-01 0.116056176E-01 0.127787730E-01 0.141757857E-01
 0.158185017E-01 0.177221689E-01 0.198963508E-01 0.223457962E-01 0.250722729E-01
 0.280790970E-01 0.313829407E-01 0.350475647E-01 0.392756313E-01 0.447206013E-01
 0.528366517E-01 0.650496460E-01 0.819540247E-01 0.103378817E+00 0.128095552E+00
 0.153918781E+00 0.174937187E+00 0.187119320E+00 0.189766854E+00 0.184584305E+00
 0.178011328E+00 0.172602236E+00 0.885315333E-02 0.845026039E-02 0.800898205E-02
 0.781923439E-02 0.781989843E-02 0.804846082E-02 0.873072352E-02 0.963697582E-02
 0.107474402E-01 0.119890338E-01 0.133751947E-01 0.149100984E-01 0.165861268E-01
 0.183807742E-01 0.202522445E-01 0.221312158E-01 0.239067535E-01 0.253996700E-01
 0.263148006E-01 0.261325054E-01 0.238407180E-01 0.243018502E-01 0.308595164E-01
 0.459003821E-01 0.690009445E-01 0.920567140E-01 0.111644190E+00 0.127451949E+00
 0.138972521E+00 0.146213531E+00 0.149908036E+00 0.151270255E+00 0.151435181E+00
 0.641899975E-02 0.626507448E-02 0.608094083E-02 0.606166385E-02 0.624714326E-02
 0.667689927E-02 0.739380810E-02 0.837553199E-02 0.953567028E-02 0.107990839E-01
 0.121697485E-01 0.136381384E-01 0.151807275E-01 0.167576633E-01 0.183072314E-01
 0.197361112E-01 0.209016792E-01 0.215806086E-01 0.214122143E-01 0.197873060E-01
 0.158572290E-01 0.144014367E-01 0.192404558E-01 0.311311856E-01 0.502149723E-01
 0.697531328E-01 0.860299812E-01 0.994127289E-01 0.110100515E+00 0.118296348E+00
 0.124324672E+00 0.128635094E+00 0.131704405E+00 0.420539128E-02 0.420280453E-02
 0.423941063E-02 0.439118175E-02 0.471068639E-02 0.522966264E-02 0.596384984E-02
 0.692239590E-02 0.806741323E-02 0.935240090E-02 0.107565513E-01 0.122552379E-01
 0.138171557E-01 0.154034598E-01 0.169660989E-01 0.184451733E-01 0.197673742E-01
 0.208473131E-01 0.216058977E-01 0.220419224E-01 0.225478951E-01 0.246258080E-01
 0.296747465E-01 0.380222760E-01 0.491954014E-01 0.613816455E-01 0.729314013E-01
 0.832806413E-01 0.922543928E-01 0.998341516E-01 0.106102064E+00 0.111222312E+00
 0.115409262E+00 0.203878852E-02 0.203532097E-02 0.211737212E-02 0.232610921E-02
 0.269759912E-02 0.326213054E-02 0.403722934E-02 0.502730859E-02 0.622762367E-02
 0.761874113E-02 0.916462205E-02 0.108226398E-01 0.125553114E-01 0.143326251E-01
 0.161313936E-01 0.179361664E-01 0.197442590E-01 0.215783995E-01 0.235117525E-01
 0.257050171E-01 0.284389500E-01 0.320786607E-01 0.369260795E-01 0.430592373E-01
 0.502644219E-01 0.580966882E-01 0.660524303E-01 0.737265667E-01 0.808582678E-01
 0.873093456E-01 0.930331871E-01 0.980499387E-01 0.102419451E+00
 0.991842091E+00 0.102007365E+01 0.104728782E+01 0.107693100E+01 0.111075687E+01
 0.114681101E+01 0.118515551E+01 0.122641373E+01 0.127024901E+01 0.131730032E+01
 0.136764681E+01 0.142170596E+01 0.147976315E+01 0.154229474E+01 0.160966384E+01
 0.168245029E+01 0.175721955E+01 0.184350097E+01 0.193741488E+01 0.204042506E+01
 0.215441680E+01 0.227891803E+01 0.241780972E+01 0.257364082E+01 0.274926090E+01
 0.294895911E+01 0.317439127E+01 0.344396400E+01 0.376139569E+01 0.414561558E+01
 0.465387487E+01 0.535822773E+01 0.778507185E+01
  97   107
 0.452633895E+00-0.544160191E-01 0.453680964E+00-0.704915583E-01 0.455790578E+00
-0.866218481E-01 0.457169483E+00-0.103458525E+00 0.459626049E+00-0.120481489E+00
 0.462835990E+00-0.137825352E+00 0.466322387E+00-0.155840090E+00 0.470364979E+00
-0.174517494E+00 0.474515552E+00-0.194398958E+00 0.480267060E+00-0.214436518E+00
 0.486694496E+00-0.235549148E+00 0.494547807E+00-0.257149324E+00 0.503033571E+00
-0.280444626E+00 0.513613075E+00-0.303746681E+00 0.524566720E+00-0.330170488E+00
 0.538093960E+00-0.356491358E+00 0.551921186E+00-0.388539510E+00 0.577521352E+00
-0.393407191E+00 0.607813806E+00-0.377344141E+00 0.636186106E+00-0.355550784E+00
 0.660734893E+00-0.337840493E+00 0.682652073E+00-0.321198019E+00 0.702317015E+00
-0.303862191E+00 0.720153507E+00-0.290771926E+00 0.736412013E+00-0.277077507E+00
 0.751117083E+00-0.262921264E+00 0.765030398E+00-0.251063448E+00 0.777873107E+00
-0.239106986E+00 0.789713258E+00-0.227087641E+00 0.800723848E+00-0.215254564E+00
 0.811266761E+00-0.204060793E+00 0.821148824E+00-0.192886515E+00 0.830371670E+00
-0.181648141E+00 0.838962765E+00-0.170331066E+00 0.847415632E+00-0.159402825E+00
 0.855057934E+00-0.148065807E+00 0.862182881E+00-0.136622677E+00 0.869028842E+00
-0.125214338E+00 0.875097896E+00-0.113463625E+00 0.880370954E+00-0.101420846E+00
 0.885782107E+00-0.895536281E-01 0.890415647E+00-0.773764820E-01 0.894215092E+00
-0.649294015E-01 0.897213074E+00-0.522832533E-01 0.899527752E+00-0.395100099E-01
 0.901286326E+00-0.266495902E-01 0.902226170E+00-0.136961522E-01 0.902342563E+00
-0.701795577E-03 0.901997211E+00 0.123158289E-01 0.900843618E+00 0.253189208E-01
 0.898861611E+00 0.382539491E-01 0.896249906E+00 0.511252340E-01 0.892955547E+00
 0.638992877E-01 0.888837442E+00 0.764891380E-01 0.883869251E+00 0.888227007E-01
 0.878376539E+00 0.101024917E+00 0.872518561E+00 0.113215191E+00 0.865836640E+00
 0.125094382E+00 0.858454328E+00 0.136702831E+00 0.850791215E+00 0.148430754E+00
 0.842280907E+00 0.159758763E+00 0.833180361E+00 0.170937074E+00 0.823781490E+00
 0.182441902E+00 0.813688616E+00 0.193853927E+00 0.802913447E+00 0.205270878E+00
 0.791168570E+00 0.216160389E+00 0.779055353E+00 0.228121219E+00 0.765977788E+00
 0.240088536E+00 0.751746361E+00 0.251527036E+00 0.736347970E+00 0.262230439E+00
 0.720054666E+00 0.275127006E+00 0.702269325E+00 0.286455183E+00 0.683154431E+00
 0.296250601E+00 0.662870309E+00 0.304291485E+00 0.641322119E+00 0.312021368E+00
 0.619129665E+00 0.316297889E+00 0.597091054E+00 0.316068970E+00 0.576074125E+00
 0.310917672E+00 0.556602986E+00 0.301560602E+00 0.538702598E+00 0.289385444E+00
 0.523123428E+00 0.274017271E+00 0.509665742E+00 0.256729402E+00 0.498540351E+00
 0.237833265E+00 0.489060551E+00 0.218585884E+00 0.481194530E+00 0.199150534E+00
 0.474928851E+00 0.179650516E+00 0.469647997E+00 0.160643753E+00 0.465663043E+00
 0.141862182E+00 0.461843199E+00 0.123976083E+00 0.458780573E+00 0.106482294E+00
 0.456968391E+00 0.891373877E-01 0.454642924E+00 0.725971315E-01 0.453247985E+00
 0.562022583E-01 0.452494411E+00 0.400412598E-01 0.451322111E+00 0.242301850E-01
 0.451163062E+00 0.846131732E-02 0.452633895E+00-0.544160191E-01
 0.440103501E+00-0.216196418E+00 0.440103501E+00 0.000000000E+00 0.440103501E+00
 0.321521342E+00 0.439978808E+00 0.321522832E+00 0.439978808E+00 0.431444407E+00
 0.555099189E+00 0.499780536E+00 0.559679568E+00 0.503123224E+00 0.563580275E+00
 0.507309079E+00 0.566000164E+00 0.510997176E+00 0.567936361E+00 0.515224516E+00
 0.569211483E+00 0.519781768E+00 0.569742084E+00 0.524205208E+00 0.569772780E+00
 0.579450190E+00 0.572820783E+00 0.579450190E+00 0.601416111E+00 0.595960200E+00
 0.699668407E+00 0.595960200E+00 0.699769974E+00 0.402968436E+00 0.764799118E+00
 0.385544062E+00 0.765631676E+00 0.388652742E+00 0.900938213E+00 0.352397323E+00
 0.948875129E+00 0.339552283E+00 0.952090979E+00 0.338690430E+00 0.955393314E+00
 0.338255614E+00 0.958695829E+00 0.337820739E+00 0.962024987E+00 0.337820739E+00
 0.106159294E+01 0.337819993E+00 0.106159294E+01 0.263990015E+00 0.817939997E+00
 0.263990015E+00 0.817629993E+00 0.228210002E+00 0.836199999E+00 0.191770002E+00
 0.849810004E+00 0.173989996E+00 0.861490011E+00 0.156210005E+00 0.871469975E+00
 0.138429999E+00 0.879960001E+00 0.120650001E+00 0.887070000E+00 0.102870002E+00
 0.893459976E+00 0.832099989E-01 0.894339979E+00 0.811700001E-01 0.899010003E+00
 0.609599985E-01 0.902320027E+00 0.406400003E-01 0.904290020E+00 0.203200001E-01
 0.904940009E+00 0.000000000E+00 0.904290020E+00-0.203200001E-01 0.902320027E+00
-0.406400003E-01 0.899010003E+00-0.609599985E-01 0.894339979E+00-0.811700001E-01
 0.893459976E+00-0.832099989E-01 0.887070000E+00-0.102870002E+00 0.879960001E+00
-0.120650001E+00 0.871469975E+00-0.138429999E+00 0.861490011E+00-0.156210005E+00
 0.849810004E+00-0.173989996E+00 0.836199999E+00-0.191770002E+00 0.817629993E+00
-0.228210002E+00 0.817939997E+00-0.263990015E+00 0.106159294E+01-0.263990015E+00
 0.106159294E+01-0.337819993E+00 0.962024987E+00-0.337819993E+00 0.958695829E+00
-0.337820500E+00 0.955393314E+00-0.338255346E+00 0.952090979E+00-0.338690192E+00
 0.948875129E+00-0.339552015E+00 0.914405346E+00-0.348788470E+00 0.914399981E+00
-0.348788470E+00 0.828959465E+00-0.371683270E+00 0.820811152E+00-0.363235235E+00
 0.819167793E+00-0.357101142E+00 0.760468364E+00-0.372831345E+00 0.757882655E+00
-0.363176823E+00 0.756719589E+00-0.360273600E+00 0.754844785E+00-0.357979208E+00
 0.751928151E+00-0.356278926E+00 0.748842776E+00-0.355667830E+00 0.746094525E+00
-0.355988622E+00 0.702017903E+00-0.367797077E+00 0.697808623E+00-0.369149864E+00
 0.693813682E+00-0.370879114E+00 0.690067172E+00-0.372947425E+00 0.686536551E+00
-0.375363737E+00 0.629772723E+00-0.417278826E+00 0.624433577E+00-0.421807617E+00
 0.620654047E+00-0.426059604E+00 0.617407441E+00-0.430810899E+00 0.614763319E+00
-0.436008811E+00 0.612872779E+00-0.441299617E+00 0.611737907E+00-0.446277976E+00
 0.611168206E+00-0.451468766E+00 0.611168206E+00-0.456082374E+00 0.611736178E+00
-0.461299539E+00 0.629500926E+00-0.573902845E+00 0.702899992E+00-0.573899984E+00
 0.702899992E+00-0.595899999E+00 0.602199972E+00-0.595899999E+00 0.572947800E+00
-0.579450190E+00 0.570407808E+00-0.579450190E+00 0.570407808E+00-0.580687165E+00
 0.569899797E+00-0.580687165E+00 0.569899797E+00-0.512107134E+00 0.565144897E+00
-0.505909562E+00 0.560705006E+00-0.500126004E+00 0.517377675E+00-0.488804936E+00
 0.489286542E+00-0.481288821E+00 0.438795388E+00-0.467233002E+00 0.468294233E+00
-0.467233002E+00 0.468260646E+00-0.295545757E+00 0.460593939E+00-0.252162039E+00
 0.459844649E+00-0.250095248E+00 0.440103501E+00-0.216196418E+00
