EQTOOLS    04/08/2025   1160930034 1000ms          3 33 33
 0.700000048E+00 0.139999998E+01 0.000000000E+00 0.400000006E+00 0.000000000E+00
 0.684793174E+00-0.441192463E-02-0.744558945E-01 0.739628822E-01 0.000000000E+00
-0.149790988E+07-0.744558945E-01 0.000000000E+00 0.684793174E+00 0.000000000E+00
-0.441192463E-02 0.000000000E+00 0.739628822E-01 0.000000000E+00 0.000000000E+00
-0.402372026E+01-0.401214075E+01-0.400092173E+01-0.399006462E+01-0.397956967E+01
-0.396943808E+01-0.395967078E+01-0.395026851E+01-0.394123173E+01-0.393256092E+01
-0.392425680E+01-0.391631961E+01-0.390874934E+01-0.390154648E+01-0.389471078E+01
-0.388824224E+01-0.388214087E+01-0.387640595E+01-0.387103772E+01-0.386603498E+01
-0.386139774E+01-0.385712504E+01-0.385321593E+01-0.384966946E+01-0.384648490E+01
-0.384366107E+01-0.384119654E+01-0.383908987E+01-0.383733988E+01-0.383594513E+01
-0.383490348E+01-0.383421350E+01-0.383387351E+01
 0.467298031E+06 0.438023000E+06 0.409694531E+06 0.382312656E+06 0.355877344E+06
 0.330388625E+06 0.305846500E+06 0.282250938E+06 0.259601938E+06 0.237899531E+06
 0.217143703E+06 0.197334453E+06 0.178471797E+06 0.160555703E+06 0.143586188E+06
 0.127563258E+06 0.112486898E+06 0.983571250E+05 0.851739297E+05 0.729373203E+05
 0.616472812E+05 0.513038203E+05 0.419069414E+05 0.334566406E+05 0.259529219E+05
 0.193957793E+05 0.137852168E+05 0.912123340E+04 0.540382861E+04 0.263300269E+04
 0.808756104E+03-0.689114609E+02 0.000000000E+00
-0.102014332E+02-0.986077881E+01-0.952181149E+01-0.918453026E+01-0.884893608E+01
-0.851502705E+01-0.818280506E+01-0.785227013E+01-0.752342129E+01-0.719625902E+01
-0.687078285E+01-0.654699373E+01-0.622489071E+01-0.590447426E+01-0.558574390E+01
-0.526870060E+01-0.495334339E+01-0.463967276E+01-0.432768869E+01-0.401739073E+01
-0.370877957E+01-0.340185475E+01-0.309661651E+01-0.279306483E+01-0.249119925E+01
-0.219102049E+01-0.189252806E+01-0.159572220E+01-0.130060267E+01-0.100716972E+01
-0.715423167E+00-0.425363094E+00-0.136989489E+00
-0.641392200E+07-0.620983400E+07-0.600574550E+07-0.580165750E+07-0.559756900E+07
-0.539348100E+07-0.518939250E+07-0.498530450E+07-0.478121600E+07-0.457712800E+07
-0.437303950E+07-0.416895150E+07-0.396486325E+07-0.376077500E+07-0.355668675E+07
-0.335259850E+07-0.314851025E+07-0.294442200E+07-0.274033375E+07-0.253624550E+07
-0.233215725E+07-0.212806900E+07-0.192398062E+07-0.171989238E+07-0.151580412E+07
-0.131171588E+07-0.110762762E+07-0.903539375E+06-0.699451125E+06-0.495362906E+06
-0.291274656E+06-0.871863906E+05 0.116901859E+06
 0.219414514E-01 0.220907424E-01 0.224621765E-01 0.233938724E-01 0.251721512E-01
 0.279389072E-01 0.316512528E-01 0.361255116E-01 0.411546098E-01 0.465821882E-01
 0.523027835E-01 0.582475956E-01 0.643748162E-01 0.706600694E-01 0.770883864E-01
 0.836504068E-01 0.903435545E-01 0.971806768E-01 0.104208605E+00 0.111538322E+00
 0.119372040E+00 0.127973504E+00 0.137543944E+00 0.148085550E+00 0.159348119E+00
 0.170883381E+00 0.182196046E+00 0.192884325E+00 0.202686165E+00 0.211468127E+00
 0.219201968E+00 0.225942231E+00 0.231794000E+00 0.259734758E-01 0.243932735E-01
 0.226078971E-01 0.219217771E-01 0.230989066E-01 0.264452660E-01 0.317988195E-01
 0.379534738E-01 0.442201232E-01 0.505001925E-01 0.568275082E-01 0.632481848E-01
 0.697878431E-01 0.764579270E-01 0.832534827E-01 0.901505266E-01 0.971037438E-01
 0.104047685E+00 0.110909197E+00 0.117661479E+00 0.124580852E+00 0.132886537E+00
 0.143688408E+00 0.157166280E+00 0.172808015E+00 0.188961811E+00 0.204105844E+00
 0.217640823E+00 0.229331176E+00 0.239130057E+00 0.247137734E+00 0.253587349E+00
 0.258799918E+00 0.328242641E-01 0.287713077E-01 0.229247707E-01 0.198184830E-01
 0.198617247E-01 0.237027375E-01 0.323123393E-01 0.407016028E-01 0.481384160E-01
 0.550894612E-01 0.618589695E-01 0.686364911E-01 0.755272800E-01 0.825873728E-01
 0.898311551E-01 0.972291325E-01 0.104696179E+00 0.112066993E+00 0.119048043E+00
 0.125117085E+00 0.129450603E+00 0.136071501E+00 0.148115637E+00 0.166088679E+00
 0.189932218E+00 0.213764773E+00 0.234179056E+00 0.251180607E+00 0.264714546E+00
 0.274884033E+00 0.282070520E+00 0.286905133E+00 0.290092634E+00 0.457727885E-01
 0.408273253E-01 0.332521450E-01 0.301751674E-01 0.290966765E-01 0.304672968E-01
 0.402752072E-01 0.478036247E-01 0.545997896E-01 0.611449156E-01 0.676968699E-01
 0.744257503E-01 0.814462684E-01 0.888321310E-01 0.966213925E-01 0.104814863E+00
 0.113366222E+00 0.122160969E+00 0.130974255E+00 0.139377833E+00 0.146412748E+00
 0.156217847E+00 0.171569385E+00 0.194379161E+00 0.224120259E+00 0.253643011E+00
 0.279414422E+00 0.300286221E+00 0.315104581E+00 0.323680675E+00 0.327065481E+00
 0.327126387E+00 0.325631260E+00 0.638284174E-01 0.587919502E-01 0.544324910E-01
 0.513889813E-01 0.502563088E-01 0.511858129E-01 0.540937192E-01 0.581493612E-01
 0.628146030E-01 0.679858451E-01 0.736700076E-01 0.799196680E-01 0.868005029E-01
 0.943792239E-01 0.102719559E+00 0.111882053E+00 0.121926372E+00 0.132919021E+00
 0.144954812E+00 0.158223551E+00 0.173171021E+00 0.191108247E+00 0.213305827E+00
 0.240419013E+00 0.272531714E+00 0.308785079E+00 0.346690396E+00 0.377140878E+00
 0.393756887E+00 0.395419404E+00 0.384842199E+00 0.372364881E+00 0.362160671E+00
 0.804137724E-01 0.749610338E-01 0.706169795E-01 0.674187805E-01 0.654682882E-01
 0.648156247E-01 0.654236448E-01 0.671726519E-01 0.699344604E-01 0.736319268E-01
 0.782433529E-01 0.837886514E-01 0.903162099E-01 0.978952962E-01 0.106614389E+00
 0.116585467E+00 0.127953984E+00 0.140916297E+00 0.155743946E+00 0.172807413E+00
 0.192395040E+00 0.215066108E+00 0.241433462E+00 0.272519068E+00 0.309653592E+00
 0.354260422E+00 0.405688120E+00 0.446176342E+00 0.464561629E+00 0.459035662E+00
 0.432841298E+00 0.408050959E+00 0.389653204E+00 0.925782489E-01 0.866978839E-01
 0.818352019E-01 0.780443236E-01 0.751906278E-01 0.733067607E-01 0.724463917E-01
 0.726425276E-01 0.739232473E-01 0.763169900E-01 0.798582277E-01 0.845966367E-01
 0.905958005E-01 0.979348510E-01 0.106713154E+00 0.117058095E+00 0.129137793E+00
 0.143181065E+00 0.159508146E+00 0.178588872E+00 0.200982303E+00 0.226074419E+00
 0.253090196E+00 0.283727663E+00 0.321088864E+00 0.366431576E+00 0.420143412E+00
 0.461713905E+00 0.480307838E+00 0.473974636E+00 0.443880966E+00 0.417174493E+00
 0.397700369E+00 0.100972119E+00 0.945923411E-01 0.890759521E-01 0.844414737E-01
 0.805465748E-01 0.774285687E-01 0.751841883E-01 0.739182384E-01 0.737829352E-01
 0.748943819E-01 0.773157283E-01 0.811396539E-01 0.864435524E-01 0.933016447E-01
 0.101798353E+00 0.112031327E+00 0.124122297E+00 0.138228169E+00 0.154555473E+00
 0.173392564E+00 0.194773726E+00 0.218313603E+00 0.243939669E+00 0.272509192E+00
 0.305342943E+00 0.343823446E+00 0.391246158E+00 0.426875886E+00 0.444812345E+00
 0.443474778E+00 0.417085542E+00 0.398049446E+00 0.384527227E+00 0.106221206E+00
 0.992510746E-01 0.929326901E-01 0.872968536E-01 0.821530157E-01 0.775837313E-01
 0.737164304E-01 0.707518325E-01 0.689451161E-01 0.685145631E-01 0.696321757E-01
 0.724172836E-01 0.769128400E-01 0.831360377E-01 0.911472149E-01 0.100973223E+00
 0.112650068E+00 0.126211563E+00 0.141685015E+00 0.159074847E+00 0.178337671E+00
 0.199385214E+00 0.222126120E+00 0.246445974E+00 0.272001037E+00 0.297854623E+00
 0.321987918E+00 0.342285541E+00 0.356037456E+00 0.362502019E+00 0.363030043E+00
 0.360636887E+00 0.357585669E+00 0.109192633E+00 0.101529008E+00 0.942119020E-01
 0.872842606E-01 0.805807490E-01 0.741993754E-01 0.682919952E-01 0.632427339E-01
 0.593853121E-01 0.570242296E-01 0.564187581E-01 0.577680363E-01 0.611968417E-01
 0.667465579E-01 0.743587718E-01 0.838157887E-01 0.951105387E-01 0.108161409E+00
 0.122869417E+00 0.139114572E+00 0.156747161E+00 0.175576443E+00 0.195352497E+00
 0.215729004E+00 0.236204295E+00 0.256073832E+00 0.274491704E+00 0.290630954E+00
 0.303822345E+00 0.313826161E+00 0.320939961E+00 0.325715031E+00 0.328877829E+00
 0.110860653E+00 0.102377651E+00 0.938381056E-01 0.852180647E-01 0.765251615E-01
 0.678481419E-01 0.595544374E-01 0.520672156E-01 0.457995876E-01 0.411379332E-01
 0.384233974E-01 0.379330706E-01 0.398616256E-01 0.443049181E-01 0.512456609E-01
 0.605436864E-01 0.719443836E-01 0.850180452E-01 0.995555534E-01 0.115350530E+00
 0.132180772E+00 0.149799217E+00 0.167925999E+00 0.186237902E+00 0.204362344E+00
 0.221886674E+00 0.238390079E+00 0.253498349E+00 0.266948720E+00 0.278647195E+00
 0.288686181E+00 0.296899242E+00 0.303388063E+00 0.112420283E+00 0.102763032E+00
 0.925847154E-01 0.819029186E-01 0.708235367E-01 0.595757266E-01 0.486236569E-01
 0.384464201E-01 0.295224520E-01 0.223100134E-01 0.172252126E-01 0.146194305E-01
 0.147569699E-01 0.177949006E-01 0.237662681E-01 0.325685445E-01 0.439584055E-01
 0.575511152E-01 0.728394940E-01 0.891393287E-01 0.106190525E+00 0.123723363E+00
 0.141475701E+00 0.159185954E+00 0.176592130E+00 0.193438799E+00 0.209491086E+00
 0.224555280E+00 0.238500175E+00 0.251272745E+00 0.262910298E+00 0.273102619E+00
 0.281673877E+00 0.115811780E+00 0.103597287E+00 0.911040379E-01 0.780570536E-01
 0.644088411E-01 0.505090596E-01 0.368471797E-01 0.239434340E-01 0.123292656E-01
 0.252453764E-02-0.498789484E-02-0.978828685E-02-0.115460641E-01-0.100435066E-01
-0.519571631E-02 0.293502277E-02 0.141315518E-01 0.280219650E-01 0.440879234E-01
 0.616782868E-01 0.800442744E-01 0.985315219E-01 0.116928789E+00 0.135044540E+00
 0.152704260E+00 0.169751514E+00 0.186052024E+00 0.201500652E+00 0.216028972E+00
 0.229613450E+00 0.242290105E+00 0.253733348E+00 0.263776124E+00 0.118216164E+00
 0.103918839E+00 0.893372061E-01 0.741165963E-01 0.581082585E-01 0.417880776E-01
 0.256601569E-01 0.102760944E-01-0.378937031E-02-0.159646067E-01-0.257096074E-01
-0.325450648E-01-0.360815459E-01-0.360461729E-01-0.323054094E-01-0.248818252E-01
-0.139635172E-01 0.953048101E-04 0.167827576E-01 0.354468102E-01 0.553227875E-01
 0.755666004E-01 0.953180086E-01 0.114469281E+00 0.132932075E+00 0.150632820E+00
 0.167511107E+00 0.183520957E+00 0.198631568E+00 0.212825314E+00 0.226082413E+00
 0.238348378E+00 0.249643923E+00 0.118663087E+00 0.103265348E+00 0.872998214E-01
 0.704346740E-01 0.526746877E-01 0.345006314E-01 0.164544432E-01-0.875588275E-03
-0.168754334E-01-0.309306750E-01-0.424556523E-01-0.509238988E-01-0.558992273E-01
-0.570645211E-01-0.542465817E-01-0.474348474E-01-0.367923033E-01-0.226571713E-01
-0.553507568E-02 0.139180922E-01 0.349224091E-01 0.566061613E-01 0.780433214E-01
 0.984804165E-01 0.117936633E+00 0.136426097E+00 0.153958515E+00 0.170541761E+00
 0.186183971E+00 0.200895117E+00 0.214688553E+00 0.227580009E+00 0.239602506E+00
 0.118375279E+00 0.102367501E+00 0.856164963E-01 0.677904099E-01 0.489777545E-01
 0.296797706E-01 0.104609712E-01-0.806642946E-02-0.252629033E-01-0.404867934E-01
-0.531237157E-01-0.626176490E-01-0.685030202E-01-0.704346447E-01-0.682138648E-01
-0.618084298E-01-0.513644656E-01-0.372088985E-01-0.198421388E-01 0.789129468E-04
 0.217672855E-01 0.443391350E-01 0.668536443E-01 0.883567999E-01 0.108616262E+00
 0.127728052E+00 0.145761372E+00 0.162768079E+00 0.178789448E+00 0.193861874E+00
 0.208021193E+00 0.221299841E+00 0.233733878E+00 0.117949195E+00 0.101740825E+00
 0.847937957E-01 0.667251852E-01 0.476411726E-01 0.280498215E-01 0.852210091E-02
-0.103235081E-01-0.278410243E-01-0.433819064E-01-0.563243701E-01-0.661045432E-01
-0.722487175E-01-0.744035990E-01-0.723627728E-01-0.660869259E-01-0.557161672E-01
-0.415727781E-01-0.241540672E-01-0.411560962E-02 0.177550905E-01 0.405715815E-01
 0.633877235E-01 0.852392912E-01 0.105759955E+00 0.125073351E+00 0.143268557E+00
 0.160411743E+00 0.176554199E+00 0.191738727E+00 0.206004306E+00 0.219413518E+00
 0.232016668E+00 0.117395021E+00 0.101559239E+00 0.850435245E-01 0.674519824E-01
 0.488934735E-01 0.298651694E-01 0.109251947E-01-0.732190476E-02-0.242448725E-01
-0.392104270E-01-0.516122235E-01-0.609015417E-01-0.666189994E-01-0.684241948E-01
-0.661215853E-01-0.596802720E-01-0.492458632E-01-0.351430387E-01-0.178683479E-01
 0.192657172E-02 0.234612287E-01 0.458593812E-01 0.681889076E-01 0.895057165E-01
 0.109627164E+00 0.128636501E+00 0.146593825E+00 0.163543818E+00 0.179521199E+00
 0.194555299E+00 0.208672463E+00 0.221956535E+00 0.234476939E+00 0.116810173E+00
 0.101735364E+00 0.861895287E-01 0.697660593E-01 0.524974421E-01 0.348479857E-01
 0.173435156E-01 0.555771233E-03-0.149180256E-01-0.284799425E-01-0.395597935E-01
-0.476449130E-01-0.523105659E-01-0.532481957E-01-0.502898689E-01-0.434267815E-01
-0.328201493E-01-0.188031592E-01-0.187354564E-02 0.173229748E-01 0.380183594E-01
 0.593543896E-01 0.804200343E-01 0.100568561E+00 0.119804121E+00 0.138128018E+00
 0.155539037E+00 0.172035573E+00 0.187617269E+00 0.202286408E+00 0.216049148E+00
 0.228976233E+00 0.241129845E+00 0.115452520E+00 0.101664308E+00 0.876875734E-01
 0.730981771E-01 0.578161733E-01 0.422595627E-01 0.269112606E-01 0.122990942E-01
-0.102642496E-02-0.125170442E-01-0.216542238E-01-0.279772718E-01-0.311116344E-01
-0.307948786E-01-0.268989737E-01-0.194468613E-01-0.862199203E-02 0.523060113E-02
 0.216118659E-01 0.398850242E-01 0.593003722E-01 0.790305613E-01 0.983703701E-01
 0.117199151E+00 0.135416441E+00 0.152937284E+00 0.169690700E+00 0.185620874E+00
 0.200687899E+00 0.214866028E+00 0.228129773E+00 0.240480020E+00 0.251959653E+00
 0.112226874E+00 0.100634422E+00 0.889320377E-01 0.767507292E-01 0.640232063E-01
 0.510936560E-01 0.384124055E-01 0.264651178E-01 0.157515324E-01 0.676258687E-02
-0.443244135E-04-0.427056167E-02-0.560137546E-02-0.382883064E-02 0.112874792E-02
 0.921255441E-02 0.202152534E-01 0.337807703E-01 0.494111949E-01 0.664831810E-01
 0.842544921E-01 0.102253809E+00 0.120261828E+00 0.138078848E+00 0.155521369E+00
 0.172423307E+00 0.188640237E+00 0.204056797E+00 0.218594698E+00 0.232221050E+00
 0.244962361E+00 0.256553930E+00 0.266863376E+00 0.107368164E+00 0.987782305E-01
 0.897860918E-01 0.802874997E-01 0.703784314E-01 0.603073567E-01 0.505062291E-01
 0.414203038E-01 0.334948474E-01 0.271576013E-01 0.227984919E-01 0.207483538E-01
 0.212576097E-01 0.244768924E-01 0.304409564E-01 0.390573925E-01 0.500987752E-01
 0.632062253E-01 0.778860994E-01 0.936024499E-01 0.110146038E+00 0.127260607E+00
 0.144689553E+00 0.162170432E+00 0.179435316E+00 0.196219311E+00 0.212276188E+00
 0.227400358E+00 0.241448936E+00 0.254357942E+00 0.266153178E+00 0.276583322E+00
 0.285517870E+00 0.104017600E+00 0.975575277E-01 0.907303949E-01 0.835831106E-01
 0.762602858E-01 0.689078251E-01 0.618745301E-01 0.555455223E-01 0.502985584E-01
 0.464890967E-01 0.444337743E-01 0.443927130E-01 0.465514236E-01 0.510041485E-01
 0.577416656E-01 0.666509562E-01 0.774811032E-01 0.899221367E-01 0.103857913E+00
 0.119104452E+00 0.135468489E+00 0.152725998E+00 0.170609832E+00 0.188797236E+00
 0.206905153E+00 0.224503900E+00 0.241154408E+00 0.256466005E+00 0.270161559E+00
 0.282133740E+00 0.292462136E+00 0.301037056E+00 0.307987486E+00 0.102176875E+00
 0.968871401E-01 0.915264976E-01 0.861602373E-01 0.809036567E-01 0.758930954E-01
 0.712913757E-01 0.673927958E-01 0.644959603E-01 0.628749990E-01 0.627695665E-01
 0.643712475E-01 0.678065126E-01 0.731148072E-01 0.802163513E-01 0.891033755E-01
 0.997568546E-01 0.112122950E+00 0.126148715E+00 0.141766800E+00 0.158886326E+00
 0.177369768E+00 0.196996945E+00 0.217415637E+00 0.238086744E+00 0.258253992E+00
 0.277030862E+00 0.293576109E+00 0.307208394E+00 0.317676146E+00 0.325270955E+00
 0.330558416E+00 0.334264003E+00 0.999165475E-01 0.955062868E-01 0.912837213E-01
 0.872935618E-01 0.836298546E-01 0.804063261E-01 0.777594959E-01 0.758538181E-01
 0.748651619E-01 0.749664977E-01 0.763173732E-01 0.790554826E-01 0.832904328E-01
 0.891011433E-01 0.965411372E-01 0.105661961E+00 0.116516062E+00 0.129159937E+00
 0.143661355E+00 0.160100956E+00 0.178571246E+00 0.199164766E+00 0.221906686E+00
 0.246635726E+00 0.272836396E+00 0.299398385E+00 0.324169836E+00 0.345162240E+00
 0.359606074E+00 0.366745126E+00 0.367941348E+00 0.366225329E+00 0.363767445E+00
 0.963190739E-01 0.926195240E-01 0.893058697E-01 0.864024147E-01 0.839762621E-01
 0.821075639E-01 0.808880915E-01 0.804198671E-01 0.808113582E-01 0.821731888E-01
 0.846144655E-01 0.882398630E-01 0.931481138E-01 0.994327861E-01 0.107186307E+00
 0.116507544E+00 0.127509047E+00 0.140326134E+00 0.155132609E+00 0.172220514E+00
 0.191508656E+00 0.213745923E+00 0.239789742E+00 0.269971498E+00 0.304468454E+00
 0.344441103E+00 0.393254031E+00 0.430077192E+00 0.449012206E+00 0.448496531E+00
 0.422726646E+00 0.404338868E+00 0.391464283E+00 0.906526682E-01 0.876032191E-01
 0.850847583E-01 0.831056975E-01 0.817106076E-01 0.809499843E-01 0.808779377E-01
 0.815496439E-01 0.830218810E-01 0.853561830E-01 0.886218083E-01 0.928959123E-01
 0.982627759E-01 0.104814105E+00 0.112651885E+00 0.121894250E+00 0.132683121E+00
 0.145192379E+00 0.159628947E+00 0.176215757E+00 0.194617249E+00 0.216896659E+00
 0.245134301E+00 0.279489837E+00 0.319392576E+00 0.366707818E+00 0.422134120E+00
 0.465146566E+00 0.484903384E+00 0.479484015E+00 0.450094096E+00 0.424086010E+00
 0.405290216E+00 0.823646254E-01 0.799938576E-01 0.782577455E-01 0.771541433E-01
 0.767101789E-01 0.769635518E-01 0.779450836E-01 0.796623288E-01 0.820990976E-01
 0.852518675E-01 0.891546080E-01 0.938656805E-01 0.994558601E-01 0.106004559E+00
 0.113601395E+00 0.122352587E+00 0.132392771E+00 0.143905828E+00 0.157160285E+00
 0.172576579E+00 0.190406880E+00 0.212003607E+00 0.238443798E+00 0.270528096E+00
 0.309042704E+00 0.355131368E+00 0.408056691E+00 0.449909322E+00 0.469448076E+00
 0.464864075E+00 0.439437268E+00 0.415392703E+00 0.397745697E+00 0.714897995E-01
 0.701112187E-01 0.692142063E-01 0.688299135E-01 0.692330273E-01 0.702823696E-01
 0.723320013E-01 0.753340311E-01 0.788241574E-01 0.827078880E-01 0.870883679E-01
 0.920426865E-01 0.976386477E-01 0.103936768E+00 0.110991976E+00 0.118857002E+00
 0.127588589E+00 0.137261324E+00 0.148000117E+00 0.160056514E+00 0.173740288E+00
 0.190802475E+00 0.212706711E+00 0.240116997E+00 0.273006495E+00 0.310324788E+00
 0.349412124E+00 0.381023823E+00 0.398707230E+00 0.401329387E+00 0.391628220E+00
 0.380000654E+00 0.370606083E+00 0.598624545E-01 0.601224898E-01 0.599490398E-01
 0.605531255E-01 0.616437175E-01 0.633442786E-01 0.665827750E-01 0.702919600E-01
 0.744332004E-01 0.787616552E-01 0.833754575E-01 0.883649426E-01 0.937931097E-01
 0.996942256E-01 0.106076231E+00 0.112918066E+00 0.120158937E+00 0.127675955E+00
 0.135238875E+00 0.142401098E+00 0.147879436E+00 0.156451839E+00 0.171198853E+00
 0.194212969E+00 0.224928900E+00 0.255587376E+00 0.282424130E+00 0.304318445E+00
 0.320122694E+00 0.329655894E+00 0.333985314E+00 0.334966455E+00 0.334319590E+00
 0.499805517E-01 0.512125424E-01 0.520775173E-01 0.533639015E-01 0.552155772E-01
 0.577909905E-01 0.612857234E-01 0.655224617E-01 0.699723059E-01 0.743033760E-01
 0.787793871E-01 0.835984925E-01 0.887683556E-01 0.942757299E-01 0.100089166E+00
 0.106148026E+00 0.112345152E+00 0.118497977E+00 0.124295731E+00 0.129169738E+00
 0.132016773E+00 0.137429844E+00 0.148884998E+00 0.166948476E+00 0.191578722E+00
 0.216394650E+00 0.237721017E+00 0.255604761E+00 0.270015215E+00 0.281070045E+00
 0.289162104E+00 0.294891769E+00 0.298932629E+00 0.422711502E-01 0.441659077E-01
 0.459855299E-01 0.479951347E-01 0.503768779E-01 0.532434678E-01 0.566595150E-01
 0.606296198E-01 0.648305697E-01 0.690412162E-01 0.734182609E-01 0.781013188E-01
 0.830773253E-01 0.883196074E-01 0.937955698E-01 0.994616566E-01 0.105258843E+00
 0.111112169E+00 0.116941543E+00 0.122706170E+00 0.128671018E+00 0.136214591E+00
 0.146587786E+00 0.160008035E+00 0.175937154E+00 0.192594968E+00 0.208342498E+00
 0.222543588E+00 0.234952235E+00 0.245519558E+00 0.254349167E+00 0.261647150E+00
 0.267672308E+00 0.359070934E-01 0.380380272E-01 0.402233279E-01 0.425617344E-01
 0.451451349E-01 0.480449543E-01 0.512965560E-01 0.548945865E-01 0.588052687E-01
 0.629907249E-01 0.674263462E-01 0.720980045E-01 0.769938801E-01 0.821024761E-01
 0.874133636E-01 0.929188007E-01 0.986178557E-01 0.104526734E+00 0.110698984E+00
 0.117258878E+00 0.124433643E+00 0.132523961E+00 0.141766322E+00 0.152180389E+00
 0.163509432E+00 0.175279194E+00 0.186961930E+00 0.198128624E+00 0.208498362E+00
 0.217924996E+00 0.226369741E+00 0.233873017E+00 0.240532905E+00
 0.868299305E+00 0.888792157E+00 0.900521040E+00 0.916564405E+00 0.934831619E+00
 0.954066396E+00 0.974508941E+00 0.996517479E+00 0.101973200E+01 0.104450190E+01
 0.107085609E+01 0.109901202E+01 0.112908900E+01 0.116135669E+01 0.119443142E+01
 0.123193395E+01 0.127208900E+01 0.131583881E+01 0.136344576E+01 0.141547811E+01
 0.147302949E+01 0.153673935E+01 0.160772491E+01 0.168809485E+01 0.177723634E+01
 0.188041234E+01 0.200272226E+01 0.214725828E+01 0.232459927E+01 0.254847193E+01
 0.286265922E+01 0.333901453E+01 0.472091627E+01
