EQTOOLS    04/04/2025   1160930034 1000ms          3 33 33
 0.700000048E+00 0.139999998E+01 0.000000000E+00 0.400000006E+00 0.000000000E+00
 0.684793174E+00-0.441192463E-02-0.744558945E-01 0.739628822E-01 0.000000000E+00
-0.149790988E+07-0.744558945E-01 0.000000000E+00 0.684793174E+00 0.000000000E+00
-0.441192463E-02 0.000000000E+00 0.739628822E-01 0.000000000E+00 0.000000000E+00
-0.402372026E+01-0.401214075E+01-0.400092173E+01-0.399006462E+01-0.397956967E+01
-0.396943808E+01-0.395967078E+01-0.395026851E+01-0.394123173E+01-0.393256092E+01
-0.392425680E+01-0.391631961E+01-0.390874934E+01-0.390154648E+01-0.389471078E+01
-0.388824224E+01-0.388214087E+01-0.387640595E+01-0.387103772E+01-0.386603498E+01
-0.386139774E+01-0.385712504E+01-0.385321593E+01-0.384966946E+01-0.384648490E+01
-0.384366107E+01-0.384119654E+01-0.383908987E+01-0.383733988E+01-0.383594513E+01
-0.383490348E+01-0.383421350E+01-0.383387351E+01
 0.467298031E+06 0.438023000E+06 0.409694531E+06 0.382312656E+06 0.355877344E+06
 0.330388625E+06 0.305846500E+06 0.282250938E+06 0.259601938E+06 0.237899531E+06
 0.217143703E+06 0.197334453E+06 0.178471797E+06 0.160555703E+06 0.143586188E+06
 0.127563258E+06 0.112486898E+06 0.983571250E+05 0.851739297E+05 0.729373203E+05
 0.616472812E+05 0.513038203E+05 0.419069414E+05 0.334566406E+05 0.259529219E+05
 0.193957793E+05 0.137852168E+05 0.912123340E+04 0.540382861E+04 0.263300269E+04
 0.808756104E+03-0.689114609E+02 0.000000000E+00
-0.102014332E+02-0.986077881E+01-0.952181149E+01-0.918453026E+01-0.884893608E+01
-0.851502705E+01-0.818280506E+01-0.785227013E+01-0.752342129E+01-0.719625902E+01
-0.687078285E+01-0.654699373E+01-0.622489071E+01-0.590447426E+01-0.558574390E+01
-0.526870060E+01-0.495334339E+01-0.463967276E+01-0.432768869E+01-0.401739073E+01
-0.370877957E+01-0.340185475E+01-0.309661651E+01-0.279306483E+01-0.249119925E+01
-0.219102049E+01-0.189252806E+01-0.159572220E+01-0.130060267E+01-0.100716972E+01
-0.715423167E+00-0.425363094E+00-0.136989489E+00
-0.641392200E+07-0.620983400E+07-0.600574550E+07-0.580165750E+07-0.559756900E+07
-0.539348100E+07-0.518939250E+07-0.498530450E+07-0.478121600E+07-0.457712800E+07
-0.437303950E+07-0.416895150E+07-0.396486325E+07-0.376077500E+07-0.355668675E+07
-0.335259850E+07-0.314851025E+07-0.294442200E+07-0.274033375E+07-0.253624550E+07
-0.233215725E+07-0.212806900E+07-0.192398062E+07-0.171989238E+07-0.151580412E+07
-0.131171588E+07-0.110762762E+07-0.903539375E+06-0.699451125E+06-0.495362906E+06
-0.291274656E+06-0.871863906E+05 0.116901859E+06
 0.219414514E-01 0.220907424E-01 0.224621770E-01 0.233938731E-01 0.251721516E-01
 0.279389113E-01 0.316512510E-01 0.361255147E-01 0.411546187E-01 0.465821885E-01
 0.523027900E-01 0.582475923E-01 0.643748194E-01 0.706600795E-01 0.770884035E-01
 0.836504133E-01 0.903435498E-01 0.971806794E-01 0.104208616E+00 0.111538341E+00
 0.119372047E+00 0.127973497E+00 0.137543947E+00 0.148085564E+00 0.159348147E+00
 0.170883420E+00 0.182196036E+00 0.192884326E+00 0.202686176E+00 0.211468146E+00
 0.219201992E+00 0.225942224E+00 0.231794000E+00 0.259734746E-01 0.243932735E-01
 0.226078964E-01 0.219217783E-01 0.230989084E-01 0.264452725E-01 0.317988172E-01
 0.379534774E-01 0.442201331E-01 0.505001917E-01 0.568275141E-01 0.632481799E-01
 0.697878450E-01 0.764579360E-01 0.832534992E-01 0.901505316E-01 0.971037373E-01
 0.104047686E+00 0.110909205E+00 0.117661494E+00 0.124580858E+00 0.132886529E+00
 0.143688411E+00 0.157166298E+00 0.172808051E+00 0.188961860E+00 0.204105824E+00
 0.217640817E+00 0.229331180E+00 0.239130069E+00 0.247137750E+00 0.253587335E+00
 0.258799911E+00 0.328242593E-01 0.287713055E-01 0.229247649E-01 0.198184809E-01
 0.198617242E-01 0.237027457E-01 0.323123336E-01 0.407016054E-01 0.481384256E-01
 0.550894588E-01 0.618589742E-01 0.686364844E-01 0.755272806E-01 0.825873808E-01
 0.898311710E-01 0.972291360E-01 0.104696169E+00 0.112066992E+00 0.119048048E+00
 0.125117092E+00 0.129450602E+00 0.136071488E+00 0.148115635E+00 0.166088699E+00
 0.189932265E+00 0.213764834E+00 0.234179020E+00 0.251180589E+00 0.264714539E+00
 0.274884032E+00 0.282070520E+00 0.286905110E+00 0.290092617E+00 0.457727760E-01
 0.408273153E-01 0.332521272E-01 0.301751530E-01 0.290966630E-01 0.304672923E-01
 0.402751938E-01 0.478036217E-01 0.545997952E-01 0.611449108E-01 0.676968725E-01
 0.744257420E-01 0.814462677E-01 0.888321383E-01 0.966214085E-01 0.104814865E+00
 0.113366209E+00 0.122160964E+00 0.130974257E+00 0.139377838E+00 0.146412736E+00
 0.156217813E+00 0.171569362E+00 0.194379165E+00 0.224120298E+00 0.253643069E+00
 0.279414356E+00 0.300286174E+00 0.315104544E+00 0.323680641E+00 0.327065446E+00
 0.327126354E+00 0.325631231E+00 0.638284236E-01 0.587919578E-01 0.544324950E-01
 0.513889872E-01 0.502563156E-01 0.511858220E-01 0.540937223E-01 0.581493676E-01
 0.628146142E-01 0.679858476E-01 0.736700161E-01 0.799196661E-01 0.868005082E-01
 0.943792381E-01 0.102719584E+00 0.111882065E+00 0.121926367E+00 0.132919028E+00
 0.144954835E+00 0.158223593E+00 0.173171043E+00 0.191108242E+00 0.213305846E+00
 0.240419066E+00 0.272531812E+00 0.308785229E+00 0.346690387E+00 0.377140909E+00
 0.393756926E+00 0.395419417E+00 0.384842176E+00 0.372364908E+00 0.362160683E+00
 0.804137737E-01 0.749610364E-01 0.706169777E-01 0.674187804E-01 0.654682890E-01
 0.648156255E-01 0.654236451E-01 0.671726540E-01 0.699344664E-01 0.736319274E-01
 0.782433588E-01 0.837886482E-01 0.903162137E-01 0.978953091E-01 0.106614414E+00
 0.116585477E+00 0.127953976E+00 0.140916303E+00 0.155743970E+00 0.172807460E+00
 0.192395059E+00 0.215066090E+00 0.241433471E+00 0.272519115E+00 0.309653690E+00
 0.354260596E+00 0.405688077E+00 0.446176350E+00 0.464561641E+00 0.459035624E+00
 0.432841206E+00 0.408050984E+00 0.389653206E+00 0.925782472E-01 0.866978839E-01
 0.818351970E-01 0.780443206E-01 0.751906261E-01 0.733067579E-01 0.724463910E-01
 0.726425275E-01 0.739232501E-01 0.763169900E-01 0.798582324E-01 0.845966339E-01
 0.905958042E-01 0.979348640E-01 0.106713179E+00 0.117058106E+00 0.129137784E+00
 0.143181071E+00 0.159508172E+00 0.178588924E+00 0.200982323E+00 0.226074398E+00
 0.253090203E+00 0.283727708E+00 0.321088962E+00 0.366431755E+00 0.420143366E+00
 0.461713910E+00 0.480307847E+00 0.473974590E+00 0.443880862E+00 0.417174518E+00
 0.397700369E+00 0.100972121E+00 0.945923445E-01 0.890759496E-01 0.844414728E-01
 0.805465751E-01 0.774285659E-01 0.751841892E-01 0.739182377E-01 0.737829354E-01
 0.748943810E-01 0.773157305E-01 0.811396499E-01 0.864435538E-01 0.933016549E-01
 0.101798376E+00 0.112031336E+00 0.124122286E+00 0.138228172E+00 0.154555496E+00
 0.173392612E+00 0.194773742E+00 0.218313580E+00 0.243939671E+00 0.272509227E+00
 0.305343019E+00 0.343823591E+00 0.391246102E+00 0.426875872E+00 0.444812338E+00
 0.443474724E+00 0.417085443E+00 0.398049452E+00 0.384527221E+00 0.106221206E+00
 0.992510766E-01 0.929326855E-01 0.872968511E-01 0.821530148E-01 0.775837261E-01
 0.737164319E-01 0.707518309E-01 0.689451142E-01 0.685145631E-01 0.696321779E-01
 0.724172816E-01 0.769128427E-01 0.831360489E-01 0.911472385E-01 0.100973233E+00
 0.112650059E+00 0.126211569E+00 0.141685039E+00 0.159074893E+00 0.178337689E+00
 0.199385196E+00 0.222126126E+00 0.246446007E+00 0.272001099E+00 0.297854711E+00
 0.321987897E+00 0.342285544E+00 0.356037468E+00 0.362502025E+00 0.363030039E+00
 0.360636890E+00 0.357585669E+00 0.109192632E+00 0.101529010E+00 0.942118965E-01
 0.872842577E-01 0.805807486E-01 0.741993691E-01 0.682919994E-01 0.632427335E-01
 0.593853097E-01 0.570242330E-01 0.564187625E-01 0.577680394E-01 0.611968488E-01
 0.667465733E-01 0.743587995E-01 0.838158041E-01 0.951105356E-01 0.108161420E+00
 0.122869444E+00 0.139114620E+00 0.156747182E+00 0.175576434E+00 0.195352510E+00
 0.215729039E+00 0.236204352E+00 0.256073908E+00 0.274491698E+00 0.290630966E+00
 0.303822368E+00 0.313826190E+00 0.320939990E+00 0.325715035E+00 0.328877836E+00
 0.110860653E+00 0.102377653E+00 0.938380989E-01 0.852180601E-01 0.765251592E-01
 0.678481301E-01 0.595544390E-01 0.520672090E-01 0.457995756E-01 0.411379300E-01
 0.384233922E-01 0.379330665E-01 0.398616232E-01 0.443049229E-01 0.512456781E-01
 0.605436922E-01 0.719443709E-01 0.850180462E-01 0.995555711E-01 0.115350567E+00
 0.132180783E+00 0.149799198E+00 0.167925999E+00 0.186237921E+00 0.204362382E+00
 0.221886728E+00 0.238390058E+00 0.253498346E+00 0.266948730E+00 0.278647214E+00
 0.288686206E+00 0.296899229E+00 0.303388059E+00 0.112420283E+00 0.102763034E+00
 0.925847075E-01 0.819029138E-01 0.708235353E-01 0.595757135E-01 0.486236624E-01
 0.384464152E-01 0.295224396E-01 0.223100148E-01 0.172252102E-01 0.146194333E-01
 0.147569729E-01 0.177949101E-01 0.237662901E-01 0.325685569E-01 0.439583994E-01
 0.575511232E-01 0.728395194E-01 0.891393729E-01 0.106190542E+00 0.123723350E+00
 0.141475707E+00 0.159185979E+00 0.176592173E+00 0.193438858E+00 0.209491074E+00
 0.224555284E+00 0.238500193E+00 0.251272775E+00 0.262910336E+00 0.273102611E+00
 0.281673878E+00 0.115811779E+00 0.103597291E+00 0.911040287E-01 0.780570487E-01
 0.644088410E-01 0.505090456E-01 0.368471893E-01 0.239434310E-01 0.123292530E-01
 0.252454392E-02-0.498789427E-02-0.978827682E-02-0.115460553E-01-0.100434922E-01
-0.519568937E-02 0.293504227E-02 0.141315533E-01 0.280219808E-01 0.440879577E-01
 0.616783416E-01 0.800442989E-01 0.985315152E-01 0.116928801E+00 0.135044572E+00
 0.152704309E+00 0.169751578E+00 0.186052017E+00 0.201500661E+00 0.216028995E+00
 0.229613487E+00 0.242290152E+00 0.253733343E+00 0.263776129E+00 0.118216164E+00
 0.103918843E+00 0.893371959E-01 0.741165913E-01 0.581082594E-01 0.417880623E-01
 0.256601699E-01 0.102760925E-01-0.378938392E-02-0.159645970E-01-0.257096053E-01
-0.325450493E-01-0.360815334E-01-0.360461557E-01-0.323053797E-01-0.248818008E-01
-0.139635103E-01 0.953261745E-04 0.167827984E-01 0.354468735E-01 0.553228185E-01
 0.755665969E-01 0.953180254E-01 0.114469316E+00 0.132932128E+00 0.150632889E+00
 0.167511102E+00 0.183520968E+00 0.198631595E+00 0.212825353E+00 0.226082464E+00
 0.238348374E+00 0.249643930E+00 0.118663087E+00 0.103265352E+00 0.872998079E-01
 0.704346642E-01 0.526746823E-01 0.345006057E-01 0.164544468E-01-0.875603776E-03
-0.168754647E-01-0.309306820E-01-0.424556706E-01-0.509239029E-01-0.558992374E-01
-0.570645288E-01-0.542465783E-01-0.474348485E-01-0.367923216E-01-0.226571751E-01
-0.553505861E-02 0.139181341E-01 0.349224186E-01 0.566061355E-01 0.780433193E-01
 0.984804360E-01 0.117936671E+00 0.136426154E+00 0.153958494E+00 0.170541758E+00
 0.186183984E+00 0.200895144E+00 0.214688593E+00 0.227579992E+00 0.239602502E+00
 0.118375279E+00 0.102367505E+00 0.856164828E-01 0.677904008E-01 0.489777506E-01
 0.296797459E-01 0.104609783E-01-0.806644217E-02-0.252629325E-01-0.404867956E-01
-0.531237298E-01-0.626176467E-01-0.685030243E-01-0.704346467E-01-0.682138558E-01
-0.618084239E-01-0.513644765E-01-0.372088949E-01-0.198421140E-01 0.789632017E-04
 0.217673022E-01 0.443391146E-01 0.668536480E-01 0.883568257E-01 0.108616307E+00
 0.127728115E+00 0.145761354E+00 0.162768080E+00 0.178789465E+00 0.193861906E+00
 0.208021238E+00 0.221299826E+00 0.233733877E+00 0.117949195E+00 0.101740830E+00
 0.847937823E-01 0.667251765E-01 0.476411693E-01 0.280497973E-01 0.852210913E-02
-0.103235198E-01-0.278410527E-01-0.433819070E-01-0.563243828E-01-0.661045387E-01
-0.722487196E-01-0.744035991E-01-0.723627618E-01-0.660869177E-01-0.557161756E-01
-0.415727720E-01-0.241540399E-01-0.411555663E-02 0.177551096E-01 0.405715629E-01
 0.633877292E-01 0.852393191E-01 0.105760003E+00 0.125073416E+00 0.143268541E+00
 0.160411745E+00 0.176554218E+00 0.191738760E+00 0.206004352E+00 0.219413504E+00
 0.232016668E+00 0.117395021E+00 0.101559244E+00 0.850435112E-01 0.674519735E-01
 0.488934697E-01 0.298651450E-01 0.109252015E-01-0.732191748E-02-0.242449015E-01
-0.392104295E-01-0.516122378E-01-0.609015399E-01-0.666190039E-01-0.684241972E-01
-0.661215766E-01-0.596802667E-01-0.492458746E-01-0.351430356E-01-0.178683238E-01
 0.192662117E-02 0.234612449E-01 0.458593605E-01 0.681889109E-01 0.895057418E-01
 0.109627209E+00 0.128636563E+00 0.146593808E+00 0.163543819E+00 0.179521217E+00
 0.194555331E+00 0.208672507E+00 0.221956520E+00 0.234476938E+00 0.116810173E+00
 0.101735368E+00 0.861895158E-01 0.697660499E-01 0.524974367E-01 0.348479606E-01
 0.173435188E-01 0.555755748E-03-0.149180566E-01-0.284799500E-01-0.395598120E-01
-0.476449181E-01-0.523105766E-01-0.532482039E-01-0.502898661E-01-0.434267834E-01
-0.328201683E-01-0.188031637E-01-0.187352964E-02 0.173230153E-01 0.380183680E-01
 0.593543636E-01 0.804200317E-01 0.100568579E+00 0.119804159E+00 0.138128074E+00
 0.155539015E+00 0.172035569E+00 0.187617282E+00 0.202286435E+00 0.216049188E+00
 0.228976215E+00 0.241129841E+00 0.115452519E+00 0.101664312E+00 0.876875634E-01
 0.730981722E-01 0.578161742E-01 0.422595484E-01 0.269112735E-01 0.122990931E-01
-0.102643692E-02-0.125170339E-01-0.216542204E-01-0.279772559E-01-0.311116209E-01
-0.307948603E-01-0.268989430E-01-0.194468363E-01-0.862198433E-02 0.523062297E-02
 0.216119068E-01 0.398850869E-01 0.593004031E-01 0.790305584E-01 0.983703870E-01
 0.117199186E+00 0.135416494E+00 0.152937354E+00 0.169690695E+00 0.185620885E+00
 0.200687926E+00 0.214866068E+00 0.228129824E+00 0.240480015E+00 0.251959661E+00
 0.112226872E+00 0.100634425E+00 0.889320289E-01 0.767507246E-01 0.640232063E-01
 0.510936432E-01 0.384124149E-01 0.264651155E-01 0.157515215E-01 0.676259342E-02
-0.443228737E-04-0.427055165E-02-0.560136627E-02-0.382881575E-02 0.112877515E-02
 0.921257396E-02 0.202152552E-01 0.337807861E-01 0.494112286E-01 0.664832343E-01
 0.842545162E-01 0.102253803E+00 0.120261841E+00 0.138078880E+00 0.155521417E+00
 0.172423371E+00 0.188640229E+00 0.204056807E+00 0.218594722E+00 0.232221086E+00
 0.244962408E+00 0.256553924E+00 0.266863382E+00 0.107368164E+00 0.987782329E-01
 0.897860848E-01 0.802874954E-01 0.703784302E-01 0.603073451E-01 0.505062342E-01
 0.414202996E-01 0.334948366E-01 0.271576028E-01 0.227984902E-01 0.207483564E-01
 0.212576129E-01 0.244769020E-01 0.304409782E-01 0.390574046E-01 0.500987694E-01
 0.632062331E-01 0.778861238E-01 0.936024927E-01 0.110146054E+00 0.127260596E+00
 0.144689560E+00 0.162170458E+00 0.179435359E+00 0.196219370E+00 0.212276176E+00
 0.227400362E+00 0.241448954E+00 0.254357972E+00 0.266153218E+00 0.276583314E+00
 0.285517871E+00 0.104017600E+00 0.975575298E-01 0.907303893E-01 0.835831066E-01
 0.762602836E-01 0.689078148E-01 0.618745312E-01 0.555455163E-01 0.502985479E-01
 0.464890935E-01 0.444337696E-01 0.443927087E-01 0.465514213E-01 0.510041531E-01
 0.577416820E-01 0.666509616E-01 0.774810910E-01 0.899221376E-01 0.103857930E+00
 0.119104488E+00 0.135468499E+00 0.152725980E+00 0.170609832E+00 0.188797255E+00
 0.206905190E+00 0.224503954E+00 0.241154388E+00 0.256466001E+00 0.270161569E+00
 0.282133759E+00 0.292462162E+00 0.301037043E+00 0.307987481E+00 0.102176874E+00
 0.968871409E-01 0.915264938E-01 0.861602366E-01 0.809036594E-01 0.758930949E-01
 0.712913851E-01 0.673928033E-01 0.644959681E-01 0.628750124E-01 0.627695824E-01
 0.643712625E-01 0.678065322E-01 0.731148349E-01 0.802163906E-01 0.891034034E-01
 0.997568651E-01 0.112122974E+00 0.126148755E+00 0.141766860E+00 0.158886362E+00
 0.177369775E+00 0.196996975E+00 0.217415692E+00 0.238086824E+00 0.258254094E+00
 0.277030881E+00 0.293576148E+00 0.307208446E+00 0.317676201E+00 0.325271010E+00
 0.330558441E+00 0.334264029E+00 0.999165495E-01 0.955062895E-01 0.912837188E-01
 0.872935599E-01 0.836298529E-01 0.804063203E-01 0.777594936E-01 0.758538127E-01
 0.748651555E-01 0.749664912E-01 0.763173681E-01 0.790554726E-01 0.832904268E-01
 0.891011449E-01 0.965411499E-01 0.105661961E+00 0.116516044E+00 0.129159933E+00
 0.143661367E+00 0.160100989E+00 0.178571251E+00 0.199164735E+00 0.221906676E+00
 0.246635741E+00 0.272836436E+00 0.299398443E+00 0.324169771E+00 0.345162191E+00
 0.359606034E+00 0.366745085E+00 0.367941310E+00 0.366225305E+00 0.363767425E+00
 0.963190719E-01 0.926195234E-01 0.893058660E-01 0.864024126E-01 0.839762613E-01
 0.821075620E-01 0.808880925E-01 0.804198682E-01 0.808113613E-01 0.821731910E-01
 0.846144714E-01 0.882398635E-01 0.931481197E-01 0.994328004E-01 0.107186333E+00
 0.116507558E+00 0.127509043E+00 0.140326142E+00 0.155132635E+00 0.172220563E+00
 0.191508677E+00 0.213745907E+00 0.239789754E+00 0.269971549E+00 0.304468552E+00
 0.344441278E+00 0.393254012E+00 0.430077225E+00 0.449012250E+00 0.448496523E+00
 0.422726580E+00 0.404338896E+00 0.391464293E+00 0.906526764E-01 0.876032274E-01
 0.850847631E-01 0.831057021E-01 0.817106117E-01 0.809499868E-01 0.808779393E-01
 0.815496451E-01 0.830218836E-01 0.853561814E-01 0.886218099E-01 0.928959065E-01
 0.982627753E-01 0.104814113E+00 0.112651904E+00 0.121894256E+00 0.132683110E+00
 0.145192382E+00 0.159628969E+00 0.176215800E+00 0.194617267E+00 0.216896639E+00
 0.245134309E+00 0.279489886E+00 0.319392674E+00 0.366707994E+00 0.422134062E+00
 0.465146559E+00 0.484903383E+00 0.479483962E+00 0.450093982E+00 0.424086026E+00
 0.405290211E+00 0.823646262E-01 0.799938589E-01 0.782577451E-01 0.771541436E-01
 0.767101794E-01 0.769635530E-01 0.779450834E-01 0.796623304E-01 0.820991026E-01
 0.852518678E-01 0.891546128E-01 0.938656777E-01 0.994558632E-01 0.106004570E+00
 0.113601416E+00 0.122352596E+00 0.132392764E+00 0.143905833E+00 0.157160306E+00
 0.172576621E+00 0.190406897E+00 0.212003589E+00 0.238443807E+00 0.270528144E+00
 0.309042806E+00 0.355131547E+00 0.408056647E+00 0.449909329E+00 0.469448090E+00
 0.464864039E+00 0.439437180E+00 0.415392727E+00 0.397745699E+00 0.714897876E-01
 0.701112086E-01 0.692141960E-01 0.688299047E-01 0.692330193E-01 0.702823641E-01
 0.723319941E-01 0.753340281E-01 0.788241595E-01 0.827078847E-01 0.870883699E-01
 0.920426806E-01 0.976386477E-01 0.103936775E+00 0.110991992E+00 0.118857005E+00
 0.127588576E+00 0.137261319E+00 0.148000121E+00 0.160056529E+00 0.173740277E+00
 0.190802427E+00 0.212706678E+00 0.240116994E+00 0.273006532E+00 0.310324868E+00
 0.349412018E+00 0.381023742E+00 0.398707156E+00 0.401329298E+00 0.391628120E+00
 0.380000622E+00 0.370606049E+00 0.598624611E-01 0.601224956E-01 0.599490451E-01
 0.605531306E-01 0.616437220E-01 0.633442854E-01 0.665827767E-01 0.702919655E-01
 0.744332103E-01 0.787616579E-01 0.833754653E-01 0.883649423E-01 0.937931153E-01
 0.996942383E-01 0.106076251E+00 0.112918077E+00 0.120158936E+00 0.127675964E+00
 0.135238894E+00 0.142401123E+00 0.147879455E+00 0.156451848E+00 0.171198879E+00
 0.194213029E+00 0.224929002E+00 0.255587505E+00 0.282424141E+00 0.304318485E+00
 0.320122748E+00 0.329655946E+00 0.333985354E+00 0.334966481E+00 0.334319612E+00
 0.499805473E-01 0.512125380E-01 0.520775146E-01 0.533638990E-01 0.552155748E-01
 0.577909917E-01 0.612857193E-01 0.655224621E-01 0.699723110E-01 0.743033737E-01
 0.787793897E-01 0.835984871E-01 0.887683555E-01 0.942757359E-01 0.100089179E+00
 0.106148029E+00 0.112345144E+00 0.118497975E+00 0.124295734E+00 0.129169742E+00
 0.132016772E+00 0.137429833E+00 0.148884997E+00 0.166948497E+00 0.191578771E+00
 0.216394715E+00 0.237720981E+00 0.255604744E+00 0.270015210E+00 0.281070046E+00
 0.289162107E+00 0.294891745E+00 0.298932612E+00 0.422711578E-01 0.441659142E-01
 0.459855375E-01 0.479951412E-01 0.503768835E-01 0.532434767E-01 0.566595186E-01
 0.606296282E-01 0.648305830E-01 0.690412226E-01 0.734182723E-01 0.781013225E-01
 0.830773345E-01 0.883196226E-01 0.937955916E-01 0.994616695E-01 0.105258847E+00
 0.111112179E+00 0.116941558E+00 0.122706189E+00 0.128671025E+00 0.136214582E+00
 0.146587788E+00 0.160008058E+00 0.175937206E+00 0.192595046E+00 0.208342511E+00
 0.222543621E+00 0.234952283E+00 0.245519614E+00 0.254349228E+00 0.261647176E+00
 0.267672340E+00 0.359070934E-01 0.380380265E-01 0.402233296E-01 0.425617356E-01
 0.451451354E-01 0.480449581E-01 0.512965545E-01 0.548945889E-01 0.588052756E-01
 0.629907250E-01 0.674263512E-01 0.720980018E-01 0.769938827E-01 0.821024843E-01
 0.874133779E-01 0.929188061E-01 0.986178517E-01 0.104526736E+00 0.110698993E+00
 0.117258895E+00 0.124433650E+00 0.132523954E+00 0.141766325E+00 0.152180403E+00
 0.163509460E+00 0.175279235E+00 0.186961919E+00 0.198128626E+00 0.208498374E+00
 0.217925016E+00 0.226369767E+00 0.233873010E+00 0.240532905E+00
 0.868299305E+00 0.888792157E+00 0.900521040E+00 0.916564405E+00 0.934831619E+00
 0.954066396E+00 0.974508941E+00 0.996517479E+00 0.101973200E+01 0.104450190E+01
 0.107085609E+01 0.109901202E+01 0.112908900E+01 0.116135669E+01 0.119443142E+01
 0.123193395E+01 0.127208900E+01 0.131583881E+01 0.136344576E+01 0.141547811E+01
 0.147302949E+01 0.153673935E+01 0.160772491E+01 0.168809485E+01 0.177723634E+01
 0.188041234E+01 0.200272226E+01 0.214725828E+01 0.232459927E+01 0.254847193E+01
 0.286265922E+01 0.333901453E+01 0.472091627E+01
  96   96
 0.457972313E+00-0.481280624E-01 0.458345687E+00-0.631669294E-01 0.459724882E+00
-0.783314802E-01 0.461253432E+00-0.939037377E-01 0.462577757E+00-0.110186926E+00
 0.465086788E+00-0.126653275E+00 0.466900215E+00-0.144443227E+00 0.469612472E+00
-0.162846119E+00 0.473125391E+00-0.182022283E+00 0.477011944E+00-0.202530928E+00
 0.482359978E+00-0.223577267E+00 0.488458191E+00-0.246080402E+00 0.496036655E+00
-0.269483366E+00 0.504939473E+00-0.294280819E+00 0.515650037E+00-0.320103050E+00
 0.528305198E+00-0.347072795E+00 0.542250901E+00-0.377515596E+00 0.591399786E+00
-0.389384713E+00 0.619617894E+00-0.374039309E+00 0.645999141E+00-0.352261337E+00
 0.668935197E+00-0.337311827E+00 0.689813893E+00-0.320817953E+00 0.708592261E+00
-0.303771494E+00 0.725823338E+00-0.289782983E+00 0.741470413E+00-0.275281133E+00
 0.755611001E+00-0.260561698E+00 0.769043193E+00-0.247836369E+00 0.781426509E+00
-0.235112833E+00 0.792636229E+00-0.222006994E+00 0.803416866E+00-0.209874186E+00
 0.813350067E+00-0.197639433E+00 0.822719744E+00-0.185645321E+00 0.831316707E+00
-0.173509096E+00 0.839459270E+00-0.161551726E+00 0.847316051E+00-0.149816977E+00
 0.854314332E+00-0.137724836E+00 0.860574021E+00-0.125428189E+00 0.866797310E+00
-0.113378378E+00 0.872204336E+00-0.101029094E+00 0.876782329E+00-0.884350707E-01
 0.880324867E+00-0.755796405E-01 0.883946556E+00-0.628886336E-01 0.887183791E+00
-0.501238612E-01 0.889586018E+00-0.371810970E-01 0.891144054E+00-0.241160445E-01
 0.891869879E+00-0.109853500E-01 0.891825567E+00 0.216009409E-02 0.891272647E+00
 0.153044745E-01 0.889884907E+00 0.284050734E-01 0.887665682E+00 0.414088520E-01
 0.884461308E+00 0.542159292E-01 0.880667883E+00 0.668806390E-01 0.877116629E+00
 0.797575262E-01 0.872660098E+00 0.924402061E-01 0.867281870E+00 0.104844636E+00
 0.861082039E+00 0.116954085E+00 0.854798584E+00 0.129281807E+00 0.847879224E+00
 0.141496984E+00 0.840085759E+00 0.153364386E+00 0.831921240E+00 0.165382915E+00
 0.823131141E+00 0.177362042E+00 0.813812811E+00 0.189511110E+00 0.803859537E+00
 0.201817065E+00 0.792870969E+00 0.213656781E+00 0.781431358E+00 0.226300560E+00
 0.769121530E+00 0.239238857E+00 0.755687504E+00 0.252014563E+00 0.741043088E+00
 0.264415030E+00 0.725540963E+00 0.278995170E+00 0.708400149E+00 0.292531147E+00
 0.689697613E+00 0.304666133E+00 0.669376931E+00 0.319214846E+00 0.647315073E+00
 0.331638088E+00 0.623929745E+00 0.340761737E+00 0.599802892E+00 0.345922791E+00
 0.575765917E+00 0.346222054E+00 0.553127208E+00 0.340223068E+00 0.533769570E+00
 0.326283641E+00 0.518427513E+00 0.306095280E+00 0.504862707E+00 0.285580693E+00
 0.494477514E+00 0.262849024E+00 0.485827416E+00 0.240494770E+00 0.479364344E+00
 0.217996657E+00 0.473989400E+00 0.196589068E+00 0.470469282E+00 0.175427174E+00
 0.467110863E+00 0.155864166E+00 0.464974497E+00 0.136856961E+00 0.462351305E+00
 0.119351408E+00 0.460572053E+00 0.102317796E+00 0.459764254E+00 0.856760655E-01
 0.458038061E+00 0.700616364E-01 0.457372180E+00 0.545956702E-01 0.457094093E+00
 0.394734763E-01 0.456210614E+00 0.247595928E-01 0.456270892E+00 0.101110938E-01
 0.457972313E+00-0.481280624E-01
 0.440200001E+00-0.215700001E+00 0.440200001E+00 0.000000000E+00 0.440200001E+00
 0.432799995E+00 0.699899971E+00 0.432799995E+00 0.699899971E+00 0.402999997E+00
 0.764900029E+00 0.385500014E+00 0.765699983E+00 0.388599992E+00 0.955299973E+00
 0.337799996E+00 0.106159997E+01 0.337799996E+00 0.106159997E+01 0.266136408E+00
 0.820685983E+00 0.266136408E+00 0.819162071E+00 0.264612317E+00 0.819162130E+00
 0.263548434E+00 0.818088651E+00 0.262493551E+00 0.817809761E+00 0.230599269E+00
 0.818863809E+00 0.226122722E+00 0.834543049E+00 0.195354164E+00 0.836682141E+00
 0.191869900E+00 0.853755593E+00 0.169212058E+00 0.855821788E+00 0.166141152E+00
 0.870345116E+00 0.141770005E+00 0.872067750E+00 0.138491482E+00 0.883877695E+00
 0.112696007E+00 0.885235786E+00 0.109252214E+00 0.894189119E+00 0.823316127E-01
 0.895626426E+00 0.786074847E-01 0.904622555E+00 0.578148589E-01 0.906196117E+00
 0.507732444E-01 0.906889856E+00 0.466043055E-01 0.909967721E+00 0.187179465E-01
 0.909967721E+00 0.251530879E-02 0.909967721E+00 0.000000000E+00 0.909967721E+00
-0.264220894E-02 0.909967721E+00-0.187179465E-01 0.906889856E+00-0.466043167E-01
 0.906196117E+00-0.507732816E-01 0.904622555E+00-0.578148738E-01 0.895626128E+00
-0.786080882E-01 0.894188821E+00-0.823322237E-01 0.885235488E+00-0.109252825E+00
 0.883877456E+00-0.112696610E+00 0.872067511E+00-0.138492092E+00 0.870344877E+00
-0.141770616E+00 0.855821490E+00-0.166141763E+00 0.853755355E+00-0.169212669E+00
 0.836681902E+00-0.191870511E+00 0.834549129E+00-0.195342407E+00 0.818871439E+00
-0.226111323E+00 0.817809522E+00-0.230599880E+00 0.818088353E+00-0.262494147E+00
 0.819162130E+00-0.263549298E+00 0.819162071E+00-0.264612317E+00 0.820685983E+00
-0.266136408E+00 0.106159997E+01-0.266136408E+00 0.106159997E+01-0.337799996E+00
 0.955299973E+00-0.337799996E+00 0.823499978E+00-0.373199999E+00 0.820800006E+00
-0.363200009E+00 0.819199979E+00-0.357100010E+00 0.760500014E+00-0.372799993E+00
 0.757799983E+00-0.362699986E+00 0.757200003E+00-0.361200005E+00 0.756399989E+00
-0.359699994E+00 0.755299985E+00-0.358500004E+00 0.754000008E+00-0.357400000E+00
 0.752900004E+00-0.356599987E+00 0.750999987E+00-0.356000006E+00 0.749400020E+00
-0.355699986E+00 0.747699976E+00-0.355699986E+00 0.746100008E+00-0.356000006E+00
 0.702022016E+00-0.367794007E+00 0.702022374E+00-0.367793888E+00 0.694146514E+00
-0.370719105E+00 0.686951578E+00-0.375057310E+00 0.686951995E+00-0.375057012E+00
 0.629375994E+00-0.417571992E+00 0.629375815E+00-0.417572111E+00 0.623269379E+00
-0.423004001E+00 0.618246078E+00-0.429450691E+00 0.614471614E+00-0.436699599E+00
 0.612070382E+00-0.444511712E+00 0.611121893E+00-0.452629209E+00 0.611657083E+00
-0.460784405E+00 0.611657023E+00-0.460783988E+00 0.629500926E+00-0.573902845E+00
 0.702899992E+00-0.573899984E+00 0.702899992E+00-0.595899999E+00 0.602199972E+00
-0.595899999E+00 0.572899997E+00-0.579400003E+00 0.569899976E+00-0.579400003E+00
 0.569899976E+00-0.512099981E+00 0.560699999E+00-0.500100017E+00 0.468349993E+00
-0.474675000E+00 0.468349993E+00-0.296290010E+00 0.460399985E+00-0.251060009E+00
 0.440200001E+00-0.215700001E+00
